0 0 0 0 0 0 0 0 0 0 0 0 0 0 0 0 0 0 0 0 0 0 0 0 0 0 0 0 0 0 0 0 0 0 0 0 0 0 0 0 0 0 0 0 0 0 0 0 0 0 0 0 0 0 0 0 0 0 0 0 0 0 0 0 0 0 0 0 0 0 0 0 0 0 0 0 0 0 0 0 
0 0 0 0 0 0 0 0 0 0 0 0 0 0 0 0 0 0 0 0 0 0 0 0 0 0 0 0 0 0 0 0 0 0 0 0 0 0 0 0 1.91701e-009 5.17593e-008 2.39626e-007 6.57532e-007 1.3975e-006 2.55153e-006 4.21166e-006 6.4699e-006 9.41824e-006 1.31487e-005 1.77534e-005 2.33242e-005 2.99532e-005 3.77324e-005 4.67538e-005 5.71095e-005 6.88914e-005 8.21916e-005 9.71021e-005 0.000113715 0.000132122 0.000152415 0.000174687 0.000199029 0.000225534 0.000254293 0.000285398 0.000318942 0.000355016 0.000393713 0.000435124 0.000479341 0.000526458 0.000576564 0.000629754 0.000686117 0.000745748 0.000808737 0.000875176 0.000945159 
0 0 0 0 0 0 0 0 0 0 0 0 0 0 0 0 0 0 0 0 0 0 0 0 0 0 0 0 0 0 0 0 0 0 0 0 0 0 0 0 7.5364e-009 2.03483e-007 9.4205e-007 2.58498e-006 5.49402e-006 1.00309e-005 1.65574e-005 2.54353e-005 3.70262e-005 5.1692e-005 6.97944e-005 9.16952e-005 0.000117756 0.000148339 0.000183805 0.000224516 0.000270835 0.000323122 0.00038174 0.000447051 0.000519415 0.000599195 0.000686753 0.00078245 0.000886648 0.000999709 0.00112199 0.00125387 0.00139569 0.00154781 0.00171062 0.00188445 0.00206968 0.00226667 0.00247577 0.00269735 0.00293178 0.00317941 0.00344061 0.00371573 
0 0 0 0 0 0 0 0 0 0 0 0 0 0 0 0 0 0 0 0 0 0 0 0 0 0 0 0 0 0 0 0 0 0 0 0 0 0 0 0 1.66607e-008 4.49839e-007 2.08259e-006 5.7146e-006 1.21456e-005 2.21753e-005 3.66035e-005 5.62298e-005 8.18538e-005 0.000114275 0.000154294 0.00020271 0.000260323 0.000327932 0.000406337 0.000496338 0.000598734 0.000714326 0.000843913 0.000988294 0.00114827 0.00132464 0.0015182 0.00172976 0.00196011 0.00221005 0.00248039 0.00277192 0.00308544 0.00342175 0.00378166 0.00416595 0.00457544 0.00501091 0.00547318 0.00596304 0.00648128 0.00702872 0.00760614 0.00821436 
0 0 0 0 0 0 0 0 0 0 0 0 0 0 0 0 0 0 0 0 0 0 0 0 0 0 0 0 0 0 0 0 0 0 0 0 0 0 0 0 2.90925e-008 7.85497e-007 3.63656e-006 9.97868e-006 2.12084e-005 3.8722e-005 6.3916e-005 9.81869e-005 0.000142931 0.000199545 0.000269425 0.000353967 0.000454569 0.000572626 0.000709535 0.000866692 0.00104549 0.00124734 0.00147362 0.00172573 0.00200508 0.00231305 0.00265105 0.00302046 0.00342269 0.00385914 0.00433119 0.00484025 0.00538771 0.00597497 0.00660343 0.00727447 0.0079895 0.00874992 0.00955712 0.0104125 0.0113174 0.0122734 0.0132816 0.0143437 
0 0 0 0 0 0 0 0 0 0 0 0 0 0 0 0 0 0 0 0 0 0 0 0 0 0 0 0 0 0 0 0 0 0 0 0 0 0 0 0 4.46343e-008 1.20512e-006 5.57928e-006 1.53095e-005 3.25383e-005 5.9408e-005 9.80612e-005 0.00015064 0.000219287 0.000306145 0.000413357 0.000543064 0.000697409 0.000878534 0.00108858 0.0013297 0.00160402 0.00191369 0.00226085 0.00264765 0.00307623 0.00354873 0.00406729 0.00463405 0.00525116 0.00592076 0.006645 0.007426 0.00826593 0.00916692 0.0101311 0.0111606 0.0122576 0.0134243 0.0146627 0.0159751 0.0173634 0.01883 0.020377 0.0220064 
0 0 0 0 0 0 0 0 0 0 0 0 0 0 0 0 0 0 0 0 0 0 0 0 0 0 0 0 0 0 0 0 0 0 0 0 0 0 0 0 6.30886e-008 1.70339e-006 7.88607e-006 2.16393e-005 4.59914e-005 8.39706e-005 0.000138605 0.000212923 0.000309953 0.000432723 0.000584262 0.000767597 0.000985757 0.00124177 0.00153866 0.00187947 0.00226721 0.00270492 0.00319562 0.00374234 0.00434811 0.00501597 0.00574893 0.00655003 0.00742229 0.00836874 0.00939241 0.0104963 0.0116835 0.012957 0.0143199 0.0157751 0.0173256 0.0189747 0.0207251 0.02258 0.0245425 0.0266154 0.0288019 0.031105 
0 0 0 0 0 0 0 0 0 0 0 0 0 0 0 0 0 0 0 0 0 0 0 0 0 0 0 0 0 0 0 0 0 0 0 0 0 0 0 0 8.42579e-008 2.27496e-006 1.05322e-005 2.89004e-005 6.14239e-005 0.000112147 0.000185114 0.00028437 0.000413958 0.000577924 0.000780311 0.00102516 0.00131653 0.00165845 0.00205496 0.00251012 0.00302797 0.00361255 0.00426791 0.00499809 0.00580713 0.00669908 0.00767799 0.00874789 0.00991284 0.0111769 0.012544 0.0140184 0.0156039 0.0173048 0.0191249 0.0210684 0.0231393 0.0253416 0.0276794 0.0301568 0.0327777 0.0355462 0.0384664 0.0415424 
0 0 0 0 0 0 0 0 0 0 0 0 0 0 0 0 0 0 0 0 0 0 0 0 0 0 0 0 0 0 0 0 0 0 0 0 0 0 0 0 1.07945e-007 2.91451e-006 1.34931e-005 3.7025e-005 7.86916e-005 0.000143674 0.000237155 0.000364314 0.000530332 0.000740392 0.000999676 0.00131336 0.00168664 0.00212468 0.00263266 0.00321578 0.00387921 0.00462813 0.00546772 0.00640317 0.00743965 0.00858236 0.00983646 0.0112071 0.0126996 0.014319 0.0160705 0.0179593 0.0199906 0.0221696 0.0245014 0.0269912 0.0296443 0.0324658 0.0354608 0.0386346 0.0419923 0.0455392 0.0492803 0.0532209 
0 0 0 0 0 0 0 0 0 0 0 0 0 0 0 0 0 0 0 0 0 0 0 0 0 0 0 0 0 0 0 0 0 0 0 0 0 0 0 0 1.33952e-007 3.61671e-006 1.6744e-005 4.59454e-005 9.76508e-005 0.00017829 0.000294292 0.000452088 0.000658105 0.000918775 0.00124053 0.00162979 0.002093 0.00263657 0.00326695 0.00399056 0.00481383 0.00574318 0.00678506 0.00794589 0.00923209 0.0106501 0.0122064 0.0139073 0.0157593 0.0177688 0.0199423 0.0222862 0.0248069 0.0275109 0.0304045 0.0334942 0.0367865 0.0402877 0.0440044 0.0479428 0.0521095 0.0565109 0.0611534 0.0660435 
0 0 0 0 0 0 0 0 0 0 0 0 0 0 0 0 0 0 0 0 0 0 0 0 0 0 0 0 0 0 0 0 0 0 0 0 0 0 0 0 1.62082e-007 4.37621e-006 2.02602e-005 5.55939e-005 0.000118157 0.000215731 0.000356093 0.000547026 0.000796306 0.00111172 0.00150104 0.00197205 0.00253253 0.00319025 0.00395301 0.00482857 0.00582473 0.00694925 0.00820992 0.00961452 0.0111708 0.0128866 0.0147697 0.0168278 0.0190687 0.0215003 0.0241302 0.0269663 0.0300164 0.0332882 0.0367894 0.040528 0.0445116 0.0487481 0.0532453 0.0580108 0.0630525 0.0683782 0.0739956 0.0799125 
0 0 0 0 0 0 0 0 0 0 0 0 0 0 0 0 0 0 0 0 0 0 0 0 0 0 0 0 0 0 0 0 0 0 0 0 0 0 0 0 1.92137e-007 5.1877e-006 2.40171e-005 6.59028e-005 0.000140067 0.000255734 0.000422124 0.000648461 0.000943966 0.00131786 0.00177938 0.00233773 0.00300214 0.00378183 0.00468602 0.00572394 0.00690481 0.00823786 0.0097323 0.0113974 0.0132422 0.0152762 0.0175084 0.0199482 0.0226047 0.0254871 0.0286047 0.0319667 0.0355824 0.0394608 0.0436114 0.0480432 0.0527655 0.0577876 0.0631186 0.0687678 0.0747444 0.0810576 0.0877167 0.0947308 
0 0 0 0 0 0 0 0 0 0 0 0 0 0 0 0 0 0 0 0 0 0 0 0 0 0 0 0 0 0 0 0 0 0 0 0 0 0 0 0 2.2392e-007 6.04584e-006 2.799e-005 7.68042e-005 0.000163237 0.000298037 0.000491951 0.000755728 0.00110012 0.00153586 0.00207372 0.00272443 0.00349874 0.00440741 0.00546117 0.00667078 0.00804699 0.00960054 0.0113422 0.0132827 0.0154327 0.0178032 0.0204047 0.023248 0.0263439 0.0297031 0.0333364 0.0372546 0.0414683 0.0459883 0.0508255 0.0559904 0.0614938 0.0673467 0.0735595 0.0801432 0.0871085 0.094466 0.102227 0.110401 
0 0 0 0 0 0 0 0 0 0 0 0 0 0 0 0 0 0 0 0 0 0 0 0 0 0 0 0 0 0 0 0 0 0 0 0 0 0 0 0 2.57233e-007 6.9453e-006 3.21541e-005 8.82306e-005 0.000187522 0.000342376 0.00056514 0.00086816 0.00126378 0.00176436 0.00238223 0.00312975 0.00401926 0.00506311 0.00627364 0.00766321 0.00924416 0.0110288 0.0130296 0.0152588 0.0177287 0.0204518 0.0234403 0.0267067 0.0302632 0.0341221 0.038296 0.0427971 0.0476377 0.0528302 0.0583869 0.0643202 0.0706425 0.077366 0.0845032 0.0920664 0.100068 0.10852 0.117435 0.126826 
0 0 0 0 0 0 0 0 0 0 0 0 0 0 0 0 0 0 0 0 0 0 0 0 0 0 0 0 0 0 0 0 0 0 0 0 0 0 0 0 2.91879e-007 7.88074e-006 3.64849e-005 0.000100114 0.000212779 0.00038849 0.000641257 0.000985091 0.001434 0.00200199 0.00270309 0.00355129 0.0045606 0.00574505 0.00711862 0.00869535 0.0104892 0.0125143 0.0147845 0.0173139 0.0201166 0.0232064 0.0265974 0.0303037 0.0343392 0.038718 0.043454 0.0485613 0.0540539 0.0599457 0.0662509 0.0729833 0.0801571 0.0877863 0.0958847 0.104467 0.113546 0.123136 0.133252 0.143907 
0 0 0 0 0 0 0 0 0 0 0 0 0 0 0 0 0 0 0 0 0 0 0 0 0 0 0 0 0 0 0 0 0 0 0 0 0 0 0 0 3.27661e-007 8.84684e-006 4.09576e-005 0.000112387 0.000238864 0.000436115 0.000719869 0.00110585 0.00160979 0.00224742 0.00303446 0.00398664 0.00511969 0.00644933 0.00799129 0.00976131 0.0117751 0.0140484 0.016597 0.0194365 0.0225826 0.0260512 0.029858 0.0340186 0.0385489 0.0434644 0.048781 0.0545144 0.0606803 0.0672945 0.0743726 0.0819304 0.0899836 0.098548 0.107639 0.117273 0.127465 0.138232 0.149588 0.161549 
0 0 0 0 0 0 0 0 0 0 0 0 0 0 0 0 0 0 0 0 0 0 0 0 0 0 0 0 0 0 0 0 0 0 0 0 0 0 0 0 3.6438e-007 9.83826e-006 4.55475e-005 0.000124982 0.000265632 0.000484989 0.000800541 0.00122978 0.00179019 0.00249928 0.00337451 0.0044334 0.00569343 0.00717208 0.00888684 0.0108552 0.0130947 0.0156228 0.0184569 0.0216146 0.0251134 0.0289707 0.0332041 0.0378309 0.0428689 0.0483353 0.0542477 0.0606236 0.0674805 0.0748358 0.0827072 0.0911119 0.100068 0.109592 0.119702 0.130415 0.14175 0.153722 0.166351 0.179653 
0 0 0 0 0 0 0 0 0 0 0 0 0 0 0 0 0 0 0 0 0 0 0 0 0 0 0 0 0 0 0 0 0 0 0 0 0 0 0 0 4.0184e-007 1.08497e-005 5.023e-005 0.000137831 0.00029294 0.000534848 0.00088284 0.00135621 0.00197423 0.00275621 0.00372143 0.00488917 0.00627873 0.0079094 0.00980045 0.0119712 0.0144409 0.0172288 0.0203544 0.0238367 0.0276951 0.031949 0.0366176 0.0417201 0.047276 0.0533043 0.0598246 0.0668559 0.0744178 0.0825293 0.0912098 0.100479 0.110355 0.120858 0.132008 0.143823 0.156322 0.169526 0.183453 0.198122 
0 0 0 0 0 0 0 0 0 0 0 0 0 0 0 0 0 0 0 0 0 0 0 0 0 0 0 0 0 0 0 0 0 0 0 0 0 0 0 0 4.39843e-007 1.18758e-005 5.49803e-005 0.000150865 0.000320644 0.000585429 0.000966332 0.00148447 0.00216094 0.00301687 0.00407337 0.00535155 0.00687253 0.00865741 0.0107273 0.0131033 0.0158066 0.0188582 0.0222793 0.026091 0.0303143 0.0349705 0.0400806 0.0456657 0.0517469 0.0583454 0.0654823 0.0731786 0.0814556 0.0903343 0.0998357 0.109981 0.120791 0.132288 0.144492 0.157424 0.171106 0.185558 0.200802 0.216859 
0 0 0 0 0 0 0 0 0 0 0 0 0 0 0 0 0 0 0 0 0 0 0 0 0 0 0 0 0 0 0 0 0 0 0 0 0 0 0 0 4.78191e-007 1.29112e-005 5.97739e-005 0.000164019 0.0003486 0.000636471 0.00105058 0.00161389 0.00234935 0.0032799 0.00442852 0.00581814 0.00747172 0.00941222 0.0116626 0.0142458 0.0171847 0.0205024 0.0242218 0.0283658 0.0329573 0.0380195 0.0435751 0.0496471 0.0562586 0.0634324 0.0711915 0.0795589 0.0885575 0.0982102 0.10854 0.11957 0.131323 0.143822 0.15709 0.171149 0.186024 0.201736 0.21831 0.235766 
0 0 0 0 0 0 0 0 0 0 0 0 0 0 0 0 0 0 0 0 0 0 0 0 0 0 0 0 0 0 0 0 0 0 0 0 0 0 0 0 5.16688e-007 1.39506e-005 6.4586e-005 0.000177223 0.000376664 0.00068771 0.00113516 0.00174382 0.00253848 0.00354395 0.00478503 0.00628652 0.00807323 0.0101699 0.0126015 0.0153926 0.0185682 0.0221529 0.0261717 0.0306493 0.0356105 0.0410802 0.0470831 0.0536439 0.0607877 0.068539 0.0769227 0.0859637 0.0956867 0.106117 0.117278 0.129196 0.141895 0.1554 0.169736 0.184928 0.201 0.217977 0.235884 0.254747 
0 0 0 0 0 0 0 0 0 0 0 0 0 0 0 0 0 0 0 0 0 0 0 0 0 0 0 0 0 0 0 0 0 0 0 0 0 0 0 0 5.55135e-007 1.49886e-005 6.93919e-005 0.000190411 0.000404692 0.000738883 0.00121963 0.00187358 0.00272737 0.00380766 0.00514109 0.00675431 0.00867396 0.0109267 0.0135391 0.016538 0.0199498 0.0238014 0.0281192 0.03293 0.0382604 0.044137 0.0505865 0.0576356 0.0653109 0.073639 0.0826466 0.0923603 0.102807 0.114013 0.126005 0.138809 0.152454 0.166964 0.182366 0.198688 0.215956 0.234197 0.253437 0.273703 
0 0 0 0 0 0 0 0 0 0 0 0 0 0 0 0 0 0 0 0 0 0 0 0 0 0 0 0 0 0 0 0 0 0 0 0 0 0 0 0 5.93335e-007 1.60201e-005 7.41669e-005 0.000203513 0.00043254 0.000789727 0.00130355 0.0020025 0.00291505 0.00406967 0.00549486 0.00721909 0.00927084 0.0116786 0.0144708 0.017676 0.0213226 0.0254392 0.0300541 0.035196 0.0408931 0.0471742 0.0540675 0.0616017 0.0698051 0.0787063 0.0883337 0.0987159 0.109881 0.121858 0.134676 0.148361 0.162944 0.178453 0.194915 0.212361 0.230817 0.250313 0.270876 0.292537 
0 0 0 0 0 0 0 0 0 0 0 0 0 0 0 0 0 0 0 0 0 0 0 0 0 0 0 0 0 0 0 0 0 0 0 0 0 0 0 0 6.31091e-007 1.70395e-005 7.88864e-005 0.000216463 0.000460064 0.00083998 0.0013865 0.00212993 0.00310054 0.00432864 0.00584452 0.00767847 0.00986078 0.0124217 0.0153916 0.0188008 0.0226795 0.027058 0.0319666 0.0374356 0.0434953 0.050176 0.0575081 0.0655216 0.0742471 0.0837147 0.0939547 0.104998 0.116873 0.129613 0.143245 0.157802 0.173313 0.189808 0.207319 0.225874 0.245505 0.266241 0.288113 0.311152 
0 0 0 0 0 0 0 0 0 0 0 0 0 0 0 0 0 0 0 0 0 0 0 0 0 0 0 0 0 0 0 0 0 0 0 0 0 0 0 0 6.68206e-007 1.80415e-005 8.35257e-005 0.000229194 0.00048712 0.000889379 0.00146804 0.00225519 0.00328288 0.00458321 0.00618824 0.00813004 0.0104407 0.0131523 0.0162968 0.0199065 0.0240132 0.0286492 0.0338465 0.0396372 0.0460533 0.0531269 0.0608901 0.0693749 0.0786135 0.0886379 0.0994802 0.111172 0.123747 0.137235 0.15167 0.167082 0.183505 0.200971 0.219511 0.239158 0.259943 0.281898 0.305057 0.329451 
0 0 0 0 0 0 0 0 0 0 0 0 0 0 0 0 0 0 0 0 0 0 0 0 0 0 0 0 0 0 0 0 0 0 0 0 0 0 0 0 7.04481e-007 1.9021e-005 8.80601e-005 0.000241636 0.000513565 0.000937661 0.00154774 0.00237762 0.0034611 0.00483202 0.00652418 0.00857139 0.0110075 0.0138663 0.0171815 0.0209871 0.0253169 0.0302045 0.035684 0.041789 0.0485534 0.056011 0.0641956 0.0731411 0.0828813 0.0934498 0.104881 0.117208 0.130465 0.144685 0.159903 0.176153 0.193467 0.211881 0.231428 0.252141 0.274054 0.297202 0.321618 0.347336 
0 0 0 0 0 0 0 0 0 0 0 0 0 0 0 0 0 0 0 0 0 0 0 0 0 0 0 0 0 0 0 0 0 0 0 0 0 0 0 0 7.39719e-007 1.99724e-005 9.24649e-005 0.000253723 0.000539254 0.000984564 0.00162516 0.00249655 0.00363423 0.00507372 0.00685052 0.00900014 0.0115581 0.0145599 0.018041 0.0220369 0.0265832 0.0317154 0.0374689 0.0438793 0.050982 0.0588127 0.0674067 0.0767997 0.087027 0.0981242 0.110127 0.12307 0.13699 0.151922 0.167902 0.184964 0.203145 0.22248 0.243004 0.264753 0.287763 0.312068 0.337705 0.364709 
0 0 0 0 0 0 0 0 0 0 0 0 0 0 0 0 0 0 0 0 0 0 0 0 0 0 0 0 0 0 0 0 0 0 0 0 0 0 0 0 7.73723e-007 2.08905e-005 9.67154e-005 0.000265386 0.000564043 0.00102982 0.00169987 0.00261131 0.00380129 0.00530695 0.00716543 0.00941387 0.0120894 0.0152292 0.0188703 0.0230499 0.0278052 0.0331733 0.0391913 0.0458964 0.0533256 0.0615163 0.0705054 0.0803301 0.0910276 0.102635 0.115189 0.128728 0.143288 0.158906 0.17562 0.193467 0.212483 0.232707 0.254175 0.276923 0.300991 0.326414 0.353229 0.381475 
0 0 0 0 0 0 0 0 0 0 0 0 0 0 0 0 0 0 0 0 0 0 0 0 0 0 0 0 0 0 0 0 0 0 0 0 0 0 0 0 8.06296e-007 2.177e-005 0.000100787 0.000276559 0.000587788 0.00107318 0.00177143 0.00272124 0.00396132 0.00553037 0.00746709 0.00981018 0.0125983 0.0158703 0.0196647 0.0240203 0.0289758 0.0345699 0.0408412 0.0478286 0.0555706 0.064106 0.0734736 0.0837119 0.0948597 0.106956 0.120039 0.134147 0.14932 0.165596 0.183013 0.201611 0.221428 0.242503 0.264875 0.288582 0.313662 0.340155 0.3681 0.397534 
0 0 0 0 0 0 0 0 0 0 0 0 0 0 0 0 0 0 0 0 0 0 0 0 0 0 0 0 0 0 0 0 0 0 0 0 0 0 0 0 8.3724e-007 2.26055e-005 0.000104655 0.000287172 0.000610346 0.00111436 0.00183941 0.00282568 0.00411335 0.00574261 0.00775366 0.0101867 0.0130818 0.0164794 0.0204194 0.0249421 0.0300878 0.0358966 0.0424086 0.0496641 0.0577033 0.0665663 0.0762933 0.0869246 0.0985002 0.11106 0.124645 0.139295 0.155051 0.171951 0.190037 0.209349 0.229926 0.25181 0.27504 0.299657 0.3257 0.35321 0.382227 0.412791 
0 0 0 0 0 0 0 0 0 0 0 0 0 0 0 0 0 0 0 0 0 0 0 0 0 0 0 0 0 0 0 0 0 0 0 0 0 0 0 0 8.66357e-007 2.33916e-005 0.000108295 0.000297159 0.000631572 0.00115312 0.00190338 0.00292395 0.0042564 0.00594233 0.00802331 0.0105409 0.0135368 0.0170525 0.0211295 0.0258096 0.0311342 0.037145 0.0438835 0.0513913 0.05971 0.0688813 0.0789466 0.0899476 0.101926 0.114923 0.12898 0.14414 0.160443 0.177931 0.196646 0.216629 0.237923 0.260567 0.284605 0.310078 0.337027 0.365493 0.39552 0.427147 
0 0 0 0 0 0 0 0 0 0 0 0 0 0 0 0 0 0 0 0 0 0 0 0 0 0 0 0 0 0 0 0 0 0 0 0 0 0 0 0 8.9345e-007 2.41232e-005 0.000111681 0.000306452 0.000651323 0.00118918 0.00196291 0.00301539 0.00438951 0.00612816 0.00827422 0.0108706 0.0139601 0.0175857 0.0217903 0.0266167 0.0321078 0.0383066 0.0452558 0.0529985 0.0615773 0.0710354 0.0814155 0.0927605 0.105113 0.118517 0.133014 0.148647 0.16546 0.183495 0.202796 0.223404 0.245363 0.268716 0.293506 0.319775 0.347567 0.376923 0.407889 0.440505 
0 0 0 0 0 0 0 0 0 0 0 0 0 0 0 0 0 0 0 0 0 0 0 0 0 0 0 0 0 0 0 0 0 0 0 0 0 0 0 0 9.18322e-007 2.47947e-005 0.00011479 0.000314983 0.000669455 0.00122228 0.00201755 0.00309933 0.0045117 0.00629875 0.00850456 0.0111732 0.0143487 0.0180753 0.0223969 0.0273577 0.0330017 0.039373 0.0465157 0.0544738 0.0632915 0.0730128 0.0836819 0.0953427 0.108039 0.121816 0.136717 0.152785 0.170066 0.188604 0.208441 0.229623 0.252194 0.276197 0.301676 0.328677 0.357242 0.387416 0.419243 0.452767 
0 0 0 0 0 0 0 0 0 0 0 0 0 0 0 0 0 0 0 0 0 0 0 0 0 0 0 0 0 0 0 0 0 0 0 0 0 0 0 0 9.40775e-007 2.54009e-005 0.000117597 0.000322685 0.000685823 0.00125217 0.00206688 0.00317511 0.00462201 0.00645276 0.00871249 0.0114464 0.0146996 0.0185172 0.0229445 0.0280265 0.0338085 0.0403356 0.047653 0.0558057 0.064839 0.074798 0.0857279 0.0976738 0.110681 0.124794 0.140059 0.156521 0.174224 0.193215 0.213538 0.235237 0.25836 0.28295 0.309052 0.336713 0.365977 0.396888 0.429494 0.463838 
0 0 0 0 0 0 0 0 0 0 0 0 0 0 0 0 0 0 0 0 0 0 0 0 0 0 0 0 0 0 0 0 0 0 0 0 0 0 0 0 9.60611e-007 2.59365e-005 0.000120076 0.000329488 0.000700284 0.00127857 0.00211046 0.00324206 0.00471947 0.00658881 0.0088962 0.0116877 0.0150095 0.0189077 0.0234283 0.0286175 0.0345214 0.0411861 0.0486577 0.0569824 0.0662061 0.0763751 0.0875355 0.0997333 0.113015 0.127426 0.143013 0.159821 0.177898 0.197289 0.21804 0.240197 0.263807 0.288916 0.315569 0.343813 0.373693 0.405257 0.43855 0.473618 
0 0 0 0 0 0 0 0 0 0 0 0 0 0 0 0 0 0 0 0 0 0 0 0 0 0 0 0 0 0 0 0 0 0 0 0 0 0 0 0 9.77634e-007 2.63961e-005 0.000122204 0.000335327 0.000712693 0.00130123 0.00214786 0.00329951 0.0048031 0.00670557 0.00905385 0.0118948 0.0152755 0.0192427 0.0238434 0.0291246 0.0351331 0.041916 0.04952 0.0579922 0.0673793 0.0777286 0.0890867 0.101501 0.115017 0.129684 0.145547 0.162653 0.181051 0.200785 0.221904 0.244454 0.268482 0.294035 0.321161 0.349905 0.380315 0.412438 0.446321 0.482011 
0 0 0 0 0 0 0 0 0 0 0 0 0 0 0 0 0 0 0 0 0 0 0 0 0 0 0 0 0 0 0 0 0 0 0 0 0 0 0 0 9.91645e-007 2.67744e-005 0.000123956 0.000340133 0.000722907 0.00131988 0.00217864 0.0033468 0.00487194 0.00680168 0.00918361 0.0120653 0.0154944 0.0195185 0.0241852 0.029542 0.0356367 0.0425167 0.0502297 0.0588233 0.068345 0.0788426 0.0903635 0.102955 0.116666 0.131542 0.147633 0.164985 0.183645 0.203663 0.225084 0.247957 0.27233 0.29825 0.325764 0.35492 0.385766 0.418349 0.452718 0.488919 
0 0 0 0 0 0 0 0 0 0 0 0 0 0 0 0 0 0 0 0 0 0 0 0 0 0 0 0 0 0 0 0 0 0 0 0 0 0 0 0 1.00245e-006 2.70661e-005 0.000125306 0.000343838 0.000730782 0.00133426 0.00220237 0.00338326 0.00492501 0.00687577 0.00928365 0.0121968 0.0156632 0.0197311 0.0244486 0.0298639 0.0360249 0.0429799 0.0507769 0.0594641 0.0690895 0.0797014 0.0913479 0.104077 0.117937 0.132975 0.149241 0.166782 0.185646 0.205881 0.227536 0.250659 0.275297 0.301499 0.329312 0.358786 0.389969 0.422907 0.45765 0.494245 
0 0 0 0 0 0 0 0 0 0 0 0 0 0 0 0 0 0 0 0 0 0 0 0 0 0 0 0 0 0 0 0 0 0 0 0 0 0 0 0 1.00984e-006 2.72658e-005 0.000126231 0.000346375 0.000736175 0.0013441 0.00221862 0.00340822 0.00496135 0.00692651 0.00935215 0.0122868 0.0157788 0.0198767 0.024629 0.0300842 0.0362907 0.043297 0.0511516 0.0599029 0.0695993 0.0802895 0.0920219 0.104845 0.118807 0.133957 0.150342 0.168012 0.187016 0.2074 0.229215 0.252508 0.277328 0.303723 0.331742 0.361434 0.392846 0.426027 0.461026 0.497892 
0 0 0 0 0 0 0 0 0 0 0 0 0 0 0 0 0 0 0 0 0 0 0 0 0 0 0 0 0 0 0 0 0 0 0 0 0 0 0 0 1.01364e-006 2.73682e-005 0.000126705 0.000347676 0.00073894 0.00134915 0.00222696 0.00342102 0.00497999 0.00695252 0.00938727 0.0123329 0.0158381 0.0199514 0.0247215 0.0301972 0.036427 0.0434596 0.0513437 0.0601278 0.0698607 0.0805911 0.0923675 0.105239 0.119253 0.13446 0.150907 0.168644 0.187718 0.208179 0.230076 0.253456 0.27837 0.304864 0.332988 0.362791 0.394321 0.427627 0.462758 0.499762 
0 0 0 0 0 0 0 0 0 0 0 0 0 0 0 0 0 0 0 0 0 0 0 0 0 0 0 0 0 0 0 0 0 0 0 0 0 0 0 0 1.01364e-006 2.73682e-005 0.000126705 0.000347676 0.00073894 0.00134915 0.00222696 0.00342102 0.00497999 0.00695252 0.00938727 0.0123329 0.0158381 0.0199514 0.0247215 0.0301972 0.036427 0.0434596 0.0513437 0.0601278 0.0698607 0.0805911 0.0923675 0.105239 0.119253 0.13446 0.150907 0.168644 0.187718 0.208179 0.230076 0.253456 0.27837 0.304864 0.332988 0.362791 0.394321 0.427627 0.462758 0.499762 
0 0 0 0 0 0 0 0 0 0 0 0 0 0 0 0 0 0 0 0 0 0 0 0 0 0 0 0 0 0 0 0 0 0 0 0 0 0 0 0 1.00984e-006 2.72658e-005 0.000126231 0.000346375 0.000736175 0.0013441 0.00221862 0.00340822 0.00496135 0.00692651 0.00935215 0.0122868 0.0157788 0.0198767 0.024629 0.0300842 0.0362907 0.043297 0.0511516 0.0599029 0.0695993 0.0802895 0.0920219 0.104845 0.118807 0.133957 0.150342 0.168012 0.187016 0.2074 0.229215 0.252508 0.277328 0.303723 0.331742 0.361434 0.392846 0.426027 0.461026 0.497892 
0 0 0 0 0 0 0 0 0 0 0 0 0 0 0 0 0 0 0 0 0 0 0 0 0 0 0 0 0 0 0 0 0 0 0 0 0 0 0 0 1.00245e-006 2.70661e-005 0.000125306 0.000343838 0.000730783 0.00133426 0.00220237 0.00338326 0.00492501 0.00687577 0.00928365 0.0121968 0.0156632 0.0197311 0.0244486 0.0298639 0.0360249 0.0429799 0.0507769 0.0594641 0.0690895 0.0797014 0.0913479 0.104077 0.117937 0.132975 0.149241 0.166782 0.185646 0.205881 0.227536 0.250659 0.275297 0.301499 0.329313 0.358786 0.389969 0.422907 0.45765 0.494245 
0 0 0 0 0 0 0 0 0 0 0 0 0 0 0 0 0 0 0 0 0 0 0 0 0 0 0 0 0 0 0 0 0 0 0 0 0 0 0 0 9.91646e-007 2.67744e-005 0.000123956 0.000340133 0.000722907 0.00131988 0.00217864 0.0033468 0.00487194 0.00680168 0.00918361 0.0120653 0.0154944 0.0195185 0.0241852 0.029542 0.0356367 0.0425167 0.0502297 0.0588233 0.068345 0.0788426 0.0903635 0.102955 0.116666 0.131542 0.147633 0.164985 0.183645 0.203663 0.225084 0.247957 0.27233 0.29825 0.325764 0.35492 0.385766 0.418349 0.452718 0.488919 
0 0 0 0 0 0 0 0 0 0 0 0 0 0 0 0 0 0 0 0 0 0 0 0 0 0 0 0 0 0 0 0 0 0 0 0 0 0 0 0 9.77634e-007 2.63961e-005 0.000122204 0.000335327 0.000712693 0.00130123 0.00214786 0.00329951 0.0048031 0.00670557 0.00905385 0.0118948 0.0152755 0.0192427 0.0238434 0.0291246 0.0351331 0.041916 0.04952 0.0579922 0.0673793 0.0777286 0.0890867 0.101501 0.115017 0.129684 0.145547 0.162653 0.181051 0.200785 0.221904 0.244454 0.268482 0.294035 0.321161 0.349905 0.380315 0.412438 0.446321 0.482011 
0 0 0 0 0 0 0 0 0 0 0 0 0 0 0 0 0 0 0 0 0 0 0 0 0 0 0 0 0 0 0 0 0 0 0 0 0 0 0 0 9.60611e-007 2.59365e-005 0.000120076 0.000329488 0.000700284 0.00127857 0.00211046 0.00324206 0.00471947 0.00658881 0.0088962 0.0116877 0.0150095 0.0189077 0.0234283 0.0286175 0.0345214 0.0411861 0.0486577 0.0569824 0.0662061 0.0763751 0.0875355 0.0997333 0.113015 0.127426 0.143013 0.159821 0.177898 0.197289 0.21804 0.240197 0.263807 0.288916 0.315569 0.343813 0.373693 0.405257 0.43855 0.473618 
0 0 0 0 0 0 0 0 0 0 0 0 0 0 0 0 0 0 0 0 0 0 0 0 0 0 0 0 0 0 0 0 0 0 0 0 0 0 0 0 9.40775e-007 2.54009e-005 0.000117597 0.000322685 0.000685823 0.00125217 0.00206688 0.00317511 0.00462201 0.00645276 0.00871249 0.0114464 0.0146996 0.0185172 0.0229445 0.0280265 0.0338085 0.0403356 0.047653 0.0558057 0.064839 0.074798 0.0857279 0.0976738 0.110681 0.124794 0.140059 0.156521 0.174224 0.193215 0.213538 0.235237 0.25836 0.28295 0.309052 0.336713 0.365977 0.396888 0.429494 0.463838 
0 0 0 0 0 0 0 0 0 0 0 0 0 0 0 0 0 0 0 0 0 0 0 0 0 0 0 0 0 0 0 0 0 0 0 0 0 0 0 0 9.18322e-007 2.47947e-005 0.00011479 0.000314983 0.000669455 0.00122228 0.00201755 0.00309933 0.0045117 0.00629875 0.00850456 0.0111732 0.0143487 0.0180753 0.0223969 0.0273577 0.0330017 0.039373 0.0465157 0.0544738 0.0632915 0.0730128 0.0836819 0.0953427 0.108039 0.121816 0.136717 0.152785 0.170066 0.188604 0.208441 0.229623 0.252194 0.276197 0.301676 0.328677 0.357242 0.387416 0.419243 0.452767 
0 0 0 0 0 0 0 0 0 0 0 0 0 0 0 0 0 0 0 0 0 0 0 0 0 0 0 0 0 0 0 0 0 0 0 0 0 0 0 0 8.9345e-007 2.41232e-005 0.000111681 0.000306452 0.000651323 0.00118918 0.00196291 0.00301539 0.00438951 0.00612816 0.00827422 0.0108706 0.0139601 0.0175857 0.0217903 0.0266167 0.0321078 0.0383066 0.0452558 0.0529985 0.0615773 0.0710354 0.0814155 0.0927605 0.105113 0.118517 0.133014 0.148647 0.16546 0.183495 0.202796 0.223404 0.245363 0.268716 0.293506 0.319775 0.347567 0.376923 0.407889 0.440505 
0 0 0 0 0 0 0 0 0 0 0 0 0 0 0 0 0 0 0 0 0 0 0 0 0 0 0 0 0 0 0 0 0 0 0 0 0 0 0 0 8.66357e-007 2.33916e-005 0.000108295 0.000297159 0.000631572 0.00115312 0.00190338 0.00292395 0.0042564 0.00594233 0.00802331 0.0105409 0.0135368 0.0170525 0.0211295 0.0258096 0.0311342 0.037145 0.0438835 0.0513913 0.05971 0.0688813 0.0789466 0.0899476 0.101926 0.114923 0.12898 0.14414 0.160443 0.177931 0.196646 0.216629 0.237923 0.260567 0.284605 0.310078 0.337027 0.365493 0.39552 0.427147 
0 0 0 0 0 0 0 0 0 0 0 0 0 0 0 0 0 0 0 0 0 0 0 0 0 0 0 0 0 0 0 0 0 0 0 0 0 0 0 0 8.3724e-007 2.26055e-005 0.000104655 0.000287172 0.000610346 0.00111436 0.00183941 0.00282568 0.00411335 0.00574261 0.00775366 0.0101867 0.0130818 0.0164794 0.0204194 0.0249421 0.0300878 0.0358966 0.0424086 0.0496641 0.0577033 0.0665663 0.0762933 0.0869246 0.0985002 0.11106 0.124645 0.139295 0.155051 0.171951 0.190037 0.209349 0.229926 0.25181 0.27504 0.299657 0.3257 0.35321 0.382227 0.412791 
0 0 0 0 0 0 0 0 0 0 0 0 0 0 0 0 0 0 0 0 0 0 0 0 0 0 0 0 0 0 0 0 0 0 0 0 0 0 0 0 8.06296e-007 2.177e-005 0.000100787 0.000276559 0.000587788 0.00107318 0.00177143 0.00272124 0.00396132 0.00553037 0.00746709 0.00981018 0.0125983 0.0158703 0.0196647 0.0240203 0.0289758 0.0345699 0.0408412 0.0478286 0.0555706 0.064106 0.0734736 0.0837119 0.0948597 0.106956 0.120039 0.134147 0.14932 0.165596 0.183013 0.201611 0.221428 0.242503 0.264875 0.288582 0.313662 0.340155 0.3681 0.397534 
0 0 0 0 0 0 0 0 0 0 0 0 0 0 0 0 0 0 0 0 0 0 0 0 0 0 0 0 0 0 0 0 0 0 0 0 0 0 0 0 7.73723e-007 2.08905e-005 9.67154e-005 0.000265386 0.000564043 0.00102982 0.00169987 0.00261131 0.00380129 0.00530695 0.00716543 0.00941387 0.0120894 0.0152292 0.0188703 0.0230499 0.0278052 0.0331733 0.0391913 0.0458964 0.0533256 0.0615163 0.0705054 0.0803301 0.0910276 0.102635 0.115189 0.128728 0.143288 0.158906 0.17562 0.193467 0.212483 0.232707 0.254175 0.276923 0.300991 0.326414 0.353229 0.381475 
0 0 0 0 0 0 0 0 0 0 0 0 0 0 0 0 0 0 0 0 0 0 0 0 0 0 0 0 0 0 0 0 0 0 0 0 0 0 0 0 7.39719e-007 1.99724e-005 9.24649e-005 0.000253723 0.000539254 0.000984563 0.00162516 0.00249655 0.00363423 0.00507372 0.00685052 0.00900014 0.0115581 0.0145599 0.018041 0.0220369 0.0265832 0.0317154 0.0374689 0.0438793 0.050982 0.0588127 0.0674067 0.0767997 0.087027 0.0981242 0.110127 0.12307 0.13699 0.151922 0.167902 0.184964 0.203145 0.22248 0.243004 0.264753 0.287763 0.312068 0.337705 0.364709 
0 0 0 0 0 0 0 0 0 0 0 0 0 0 0 0 0 0 0 0 0 0 0 0 0 0 0 0 0 0 0 0 0 0 0 0 0 0 0 0 7.04481e-007 1.9021e-005 8.80601e-005 0.000241636 0.000513565 0.000937662 0.00154774 0.00237762 0.0034611 0.00483202 0.00652418 0.0085714 0.0110075 0.0138663 0.0171815 0.0209871 0.0253169 0.0302045 0.035684 0.041789 0.0485534 0.056011 0.0641957 0.0731411 0.0828813 0.0934498 0.104881 0.117208 0.130465 0.144685 0.159903 0.176153 0.193468 0.211881 0.231428 0.252141 0.274054 0.297202 0.321618 0.347336 
0 0 0 0 0 0 0 0 0 0 0 0 0 0 0 0 0 0 0 0 0 0 0 0 0 0 0 0 0 0 0 0 0 0 0 0 0 0 0 0 6.68206e-007 1.80416e-005 8.35257e-005 0.000229194 0.00048712 0.00088938 0.00146804 0.00225519 0.00328288 0.00458321 0.00618824 0.00813004 0.0104407 0.0131523 0.0162968 0.0199065 0.0240132 0.0286493 0.0338465 0.0396372 0.0460533 0.0531269 0.0608901 0.069375 0.0786136 0.0886379 0.0994802 0.111172 0.123747 0.137235 0.15167 0.167082 0.183506 0.200971 0.219511 0.239158 0.259943 0.281899 0.305057 0.329451 
0 0 0 0 0 0 0 0 0 0 0 0 0 0 0 0 0 0 0 0 0 0 0 0 0 0 0 0 0 0 0 0 0 0 0 0 0 0 0 0 6.31091e-007 1.70395e-005 7.88864e-005 0.000216463 0.000460064 0.00083998 0.0013865 0.00212993 0.00310054 0.00432864 0.00584452 0.00767847 0.00986078 0.0124217 0.0153916 0.0188008 0.0226795 0.027058 0.0319666 0.0374356 0.0434953 0.050176 0.0575081 0.0655216 0.0742471 0.0837147 0.0939547 0.104998 0.116873 0.129613 0.143245 0.157802 0.173313 0.189808 0.207319 0.225874 0.245505 0.266241 0.288113 0.311152 
0 0 0 0 0 0 0 0 0 0 0 0 0 0 0 0 0 0 0 0 0 0 0 0 0 0 0 0 0 0 0 0 0 0 0 0 0 0 0 0 5.93335e-007 1.60201e-005 7.41669e-005 0.000203513 0.00043254 0.000789727 0.00130355 0.0020025 0.00291505 0.00406967 0.00549486 0.00721909 0.00927084 0.0116786 0.0144708 0.017676 0.0213226 0.0254392 0.0300541 0.035196 0.0408931 0.0471742 0.0540675 0.0616017 0.0698051 0.0787063 0.0883337 0.0987159 0.109881 0.121858 0.134676 0.148361 0.162944 0.178453 0.194915 0.212361 0.230817 0.250313 0.270876 0.292537 
0 0 0 0 0 0 0 0 0 0 0 0 0 0 0 0 0 0 0 0 0 0 0 0 0 0 0 0 0 0 0 0 0 0 0 0 0 0 0 0 5.55135e-007 1.49886e-005 6.93919e-005 0.00019041 0.000404692 0.000738883 0.00121963 0.00187358 0.00272737 0.00380766 0.00514109 0.00675431 0.00867396 0.0109267 0.0135391 0.016538 0.0199498 0.0238013 0.0281192 0.03293 0.0382603 0.044137 0.0505865 0.0576356 0.0653109 0.073639 0.0826466 0.0923603 0.102807 0.114013 0.126005 0.138809 0.152453 0.166964 0.182366 0.198688 0.215956 0.234197 0.253437 0.273702 
0 0 0 0 0 0 0 0 0 0 0 0 0 0 0 0 0 0 0 0 0 0 0 0 0 0 0 0 0 0 0 0 0 0 0 0 0 0 0 0 5.16688e-007 1.39506e-005 6.4586e-005 0.000177223 0.000376664 0.000687709 0.00113516 0.00174382 0.00253848 0.00354395 0.00478503 0.00628652 0.00807323 0.0101699 0.0126015 0.0153926 0.0185682 0.0221529 0.0261717 0.0306493 0.0356105 0.0410802 0.047083 0.0536439 0.0607876 0.0685389 0.0769227 0.0859637 0.0956867 0.106117 0.117278 0.129196 0.141895 0.1554 0.169736 0.184928 0.201 0.217977 0.235884 0.254747 
0 0 0 0 0 0 0 0 0 0 0 0 0 0 0 0 0 0 0 0 0 0 0 0 0 0 0 0 0 0 0 0 0 0 0 0 0 0 0 0 4.78191e-007 1.29112e-005 5.97739e-005 0.000164019 0.0003486 0.000636471 0.00105058 0.00161389 0.00234935 0.0032799 0.00442852 0.00581814 0.00747172 0.00941222 0.0116626 0.0142458 0.0171847 0.0205024 0.0242218 0.0283658 0.0329573 0.0380195 0.0435751 0.0496471 0.0562586 0.0634324 0.0711915 0.0795589 0.0885575 0.0982102 0.10854 0.11957 0.131323 0.143822 0.15709 0.17115 0.186024 0.201736 0.21831 0.235766 
0 0 0 0 0 0 0 0 0 0 0 0 0 0 0 0 0 0 0 0 0 0 0 0 0 0 0 0 0 0 0 0 0 0 0 0 0 0 0 0 4.39843e-007 1.18758e-005 5.49804e-005 0.000150865 0.000320644 0.000585429 0.000966333 0.00148447 0.00216094 0.00301687 0.00407337 0.00535155 0.00687253 0.00865741 0.0107273 0.0131033 0.0158066 0.0188582 0.0222793 0.026091 0.0303143 0.0349705 0.0400806 0.0456657 0.051747 0.0583454 0.0654823 0.0731787 0.0814556 0.0903343 0.0998357 0.109981 0.120792 0.132288 0.144492 0.157424 0.171106 0.185558 0.200802 0.216859 
0 0 0 0 0 0 0 0 0 0 0 0 0 0 0 0 0 0 0 0 0 0 0 0 0 0 0 0 0 0 0 0 0 0 0 0 0 0 0 0 4.0184e-007 1.08497e-005 5.023e-005 0.000137831 0.00029294 0.000534848 0.00088284 0.00135621 0.00197423 0.00275621 0.00372143 0.00488917 0.00627873 0.0079094 0.00980045 0.0119712 0.0144409 0.0172288 0.0203544 0.0238367 0.0276951 0.031949 0.0366176 0.0417201 0.047276 0.0533043 0.0598246 0.0668559 0.0744178 0.0825293 0.0912098 0.100479 0.110355 0.120858 0.132008 0.143823 0.156322 0.169526 0.183453 0.198122 
0 0 0 0 0 0 0 0 0 0 0 0 0 0 0 0 0 0 0 0 0 0 0 0 0 0 0 0 0 0 0 0 0 0 0 0 0 0 0 0 3.6438e-007 9.83826e-006 4.55475e-005 0.000124982 0.000265632 0.000484989 0.000800541 0.00122978 0.00179019 0.00249928 0.00337451 0.0044334 0.00569342 0.00717208 0.00888684 0.0108552 0.0130947 0.0156228 0.0184569 0.0216146 0.0251134 0.0289707 0.033204 0.0378309 0.0428688 0.0483352 0.0542477 0.0606236 0.0674805 0.0748358 0.0827072 0.0911119 0.100068 0.109592 0.119702 0.130415 0.14175 0.153722 0.166351 0.179653 
0 0 0 0 0 0 0 0 0 0 0 0 0 0 0 0 0 0 0 0 0 0 0 0 0 0 0 0 0 0 0 0 0 0 0 0 0 0 0 0 3.27661e-007 8.84684e-006 4.09576e-005 0.000112387 0.000238864 0.000436115 0.000719869 0.00110585 0.00160979 0.00224742 0.00303446 0.00398664 0.00511969 0.00644933 0.00799129 0.00976131 0.0117751 0.0140484 0.016597 0.0194365 0.0225826 0.0260512 0.029858 0.0340186 0.0385489 0.0434644 0.048781 0.0545144 0.0606803 0.0672944 0.0743726 0.0819303 0.0899836 0.0985479 0.107639 0.117273 0.127465 0.138231 0.149588 0.161549 
0 0 0 0 0 0 0 0 0 0 0 0 0 0 0 0 0 0 0 0 0 0 0 0 0 0 0 0 0 0 0 0 0 0 0 0 0 0 0 0 2.91879e-007 7.88074e-006 3.64849e-005 0.000100114 0.000212779 0.00038849 0.000641257 0.000985091 0.001434 0.00200199 0.00270309 0.00355129 0.0045606 0.00574505 0.00711862 0.00869535 0.0104892 0.0125143 0.0147845 0.0173139 0.0201166 0.0232064 0.0265974 0.0303037 0.0343392 0.038718 0.043454 0.0485613 0.0540539 0.0599457 0.0662509 0.0729833 0.0801571 0.0877863 0.0958847 0.104467 0.113546 0.123136 0.133252 0.143908 
0 0 0 0 0 0 0 0 0 0 0 0 0 0 0 0 0 0 0 0 0 0 0 0 0 0 0 0 0 0 0 0 0 0 0 0 0 0 0 0 2.57233e-007 6.9453e-006 3.21542e-005 8.82306e-005 0.000187522 0.000342377 0.00056514 0.00086816 0.00126378 0.00176436 0.00238223 0.00312975 0.00401926 0.00506311 0.00627364 0.00766321 0.00924417 0.0110288 0.0130296 0.0152588 0.0177287 0.0204518 0.0234403 0.0267067 0.0302632 0.0341222 0.038296 0.0427971 0.0476377 0.0528302 0.0583869 0.0643202 0.0706425 0.077366 0.0845032 0.0920664 0.100068 0.10852 0.117435 0.126826 
0 0 0 0 0 0 0 0 0 0 0 0 0 0 0 0 0 0 0 0 0 0 0 0 0 0 0 0 0 0 0 0 0 0 0 0 0 0 0 0 2.2392e-007 6.04584e-006 2.799e-005 7.68043e-005 0.000163237 0.000298037 0.000491951 0.000755729 0.00110012 0.00153586 0.00207372 0.00272443 0.00349874 0.00440741 0.00546117 0.00667078 0.00804699 0.00960055 0.0113422 0.0132827 0.0154327 0.0178032 0.0204047 0.023248 0.0263439 0.0297031 0.0333364 0.0372546 0.0414683 0.0459884 0.0508255 0.0559904 0.0614939 0.0673467 0.0735596 0.0801432 0.0871085 0.094466 0.102227 0.110401 
0 0 0 0 0 0 0 0 0 0 0 0 0 0 0 0 0 0 0 0 0 0 0 0 0 0 0 0 0 0 0 0 0 0 0 0 0 0 0 0 1.92137e-007 5.1877e-006 2.40171e-005 6.59028e-005 0.000140067 0.000255734 0.000422124 0.000648461 0.000943966 0.00131786 0.00177938 0.00233773 0.00300214 0.00378183 0.00468602 0.00572394 0.00690481 0.00823786 0.0097323 0.0113974 0.0132422 0.0152762 0.0175084 0.0199482 0.0226047 0.0254871 0.0286047 0.0319667 0.0355824 0.0394608 0.0436114 0.0480432 0.0527655 0.0577876 0.0631186 0.0687678 0.0747444 0.0810576 0.0877167 0.0947308 
0 0 0 0 0 0 0 0 0 0 0 0 0 0 0 0 0 0 0 0 0 0 0 0 0 0 0 0 0 0 0 0 0 0 0 0 0 0 0 0 1.62082e-007 4.37621e-006 2.02602e-005 5.55939e-005 0.000118157 0.000215731 0.000356093 0.000547026 0.000796306 0.00111172 0.00150104 0.00197205 0.00253252 0.00319025 0.00395301 0.00482857 0.00582472 0.00694925 0.00820992 0.00961452 0.0111708 0.0128866 0.0147697 0.0168278 0.0190687 0.0215003 0.0241302 0.0269663 0.0300164 0.0332882 0.0367894 0.040528 0.0445116 0.0487481 0.0532453 0.0580108 0.0630525 0.0683782 0.0739956 0.0799125 
0 0 0 0 0 0 0 0 0 0 0 0 0 0 0 0 0 0 0 0 0 0 0 0 0 0 0 0 0 0 0 0 0 0 0 0 0 0 0 0 1.33952e-007 3.61671e-006 1.6744e-005 4.59454e-005 9.76508e-005 0.00017829 0.000294292 0.000452087 0.000658104 0.000918775 0.00124053 0.00162979 0.002093 0.00263657 0.00326695 0.00399056 0.00481382 0.00574318 0.00678506 0.00794589 0.00923209 0.0106501 0.0122064 0.0139073 0.0157593 0.0177688 0.0199423 0.0222862 0.0248069 0.0275109 0.0304045 0.0334942 0.0367865 0.0402877 0.0440044 0.0479428 0.0521095 0.0565109 0.0611534 0.0660434 
0 0 0 0 0 0 0 0 0 0 0 0 0 0 0 0 0 0 0 0 0 0 0 0 0 0 0 0 0 0 0 0 0 0 0 0 0 0 0 0 1.07945e-007 2.91452e-006 1.34931e-005 3.7025e-005 7.86917e-005 0.000143674 0.000237155 0.000364314 0.000530332 0.000740393 0.000999676 0.00131336 0.00168664 0.00212468 0.00263266 0.00321578 0.00387921 0.00462813 0.00546773 0.00640318 0.00743966 0.00858236 0.00983646 0.0112071 0.0126996 0.014319 0.0160705 0.0179593 0.0199906 0.0221696 0.0245014 0.0269913 0.0296443 0.0324658 0.0354608 0.0386346 0.0419923 0.0455392 0.0492803 0.053221 
0 0 0 0 0 0 0 0 0 0 0 0 0 0 0 0 0 0 0 0 0 0 0 0 0 0 0 0 0 0 0 0 0 0 0 0 0 0 0 0 8.4258e-008 2.27497e-006 1.05322e-005 2.89004e-005 6.14239e-005 0.000112147 0.000185114 0.00028437 0.000413958 0.000577924 0.000780311 0.00102516 0.00131653 0.00165845 0.00205496 0.00251012 0.00302797 0.00361255 0.00426791 0.00499809 0.00580713 0.00669908 0.00767799 0.0087479 0.00991284 0.0111769 0.012544 0.0140184 0.0156039 0.0173048 0.0191249 0.0210684 0.0231393 0.0253416 0.0276794 0.0301568 0.0327777 0.0355462 0.0384664 0.0415424 
0 0 0 0 0 0 0 0 0 0 0 0 0 0 0 0 0 0 0 0 0 0 0 0 0 0 0 0 0 0 0 0 0 0 0 0 0 0 0 0 6.30886e-008 1.70339e-006 7.88607e-006 2.16393e-005 4.59914e-005 8.39707e-005 0.000138605 0.000212924 0.000309953 0.000432723 0.000584262 0.000767597 0.000985757 0.00124177 0.00153866 0.00187947 0.00226721 0.00270492 0.00319562 0.00374234 0.00434812 0.00501597 0.00574893 0.00655003 0.00742229 0.00836874 0.00939241 0.0104963 0.0116835 0.012957 0.0143199 0.0157751 0.0173257 0.0189747 0.0207251 0.02258 0.0245425 0.0266154 0.0288019 0.031105 
0 0 0 0 0 0 0 0 0 0 0 0 0 0 0 0 0 0 0 0 0 0 0 0 0 0 0 0 0 0 0 0 0 0 0 0 0 0 0 0 4.46342e-008 1.20512e-006 5.57928e-006 1.53095e-005 3.25383e-005 5.9408e-005 9.80612e-005 0.00015064 0.000219287 0.000306145 0.000413357 0.000543064 0.000697409 0.000878534 0.00108858 0.0013297 0.00160402 0.00191369 0.00226085 0.00264765 0.00307623 0.00354873 0.00406729 0.00463405 0.00525116 0.00592076 0.00664499 0.007426 0.00826593 0.00916691 0.0101311 0.0111606 0.0122576 0.0134243 0.0146627 0.015975 0.0173634 0.01883 0.020377 0.0220064 
0 0 0 0 0 0 0 0 0 0 0 0 0 0 0 0 0 0 0 0 0 0 0 0 0 0 0 0 0 0 0 0 0 0 0 0 0 0 0 0 2.90925e-008 7.85497e-007 3.63656e-006 9.97867e-006 2.12083e-005 3.8722e-005 6.3916e-005 9.81869e-005 0.000142931 0.000199545 0.000269425 0.000353967 0.000454569 0.000572626 0.000709534 0.000866691 0.00104549 0.00124734 0.00147362 0.00172573 0.00200508 0.00231305 0.00265104 0.00302046 0.00342269 0.00385913 0.00433119 0.00484025 0.00538771 0.00597497 0.00660342 0.00727446 0.0079895 0.00874991 0.00955711 0.0104125 0.0113174 0.0122734 0.0132816 0.0143437 
0 0 0 0 0 0 0 0 0 0 0 0 0 0 0 0 0 0 0 0 0 0 0 0 0 0 0 0 0 0 0 0 0 0 0 0 0 0 0 0 1.66607e-008 4.49839e-007 2.08259e-006 5.71459e-006 1.21456e-005 2.21753e-005 3.66035e-005 5.62297e-005 8.18537e-005 0.000114275 0.000154294 0.00020271 0.000260323 0.000327932 0.000406336 0.000496337 0.000598734 0.000714325 0.000843912 0.000988293 0.00114827 0.00132464 0.0015182 0.00172976 0.00196011 0.00221005 0.00248039 0.00277191 0.00308544 0.00342175 0.00378165 0.00416594 0.00457543 0.00501091 0.00547317 0.00596303 0.00648128 0.00702871 0.00760614 0.00821435 
0 0 0 0 0 0 0 0 0 0 0 0 0 0 0 0 0 0 0 0 0 0 0 0 0 0 0 0 0 0 0 0 0 0 0 0 0 0 0 0 7.53641e-009 2.03483e-007 9.42052e-007 2.58498e-006 5.49403e-006 1.00309e-005 1.65575e-005 2.54353e-005 3.70263e-005 5.16921e-005 6.97945e-005 9.16953e-005 0.000117756 0.000148339 0.000183805 0.000224517 0.000270835 0.000323123 0.000381741 0.000447052 0.000519416 0.000599196 0.000686754 0.000782451 0.000886649 0.00099971 0.001122 0.00125387 0.00139569 0.00154782 0.00171062 0.00188445 0.00206968 0.00226667 0.00247577 0.00269736 0.00293179 0.00317942 0.00344061 0.00371574 
0 0 0 0 0 0 0 0 0 0 0 0 0 0 0 0 0 0 0 0 0 0 0 0 0 0 0 0 0 0 0 0 0 0 0 0 0 0 0 0 1.91701e-009 5.17594e-008 2.39627e-007 6.57533e-007 1.3975e-006 2.55154e-006 4.21167e-006 6.46991e-006 9.41826e-006 1.31488e-005 1.77534e-005 2.33242e-005 2.99533e-005 3.77325e-005 4.67539e-005 5.71096e-005 6.88915e-005 8.21918e-005 9.71023e-005 0.000113715 0.000132122 0.000152416 0.000174687 0.00019903 0.000225534 0.000254293 0.000285398 0.000318942 0.000355017 0.000393713 0.000435125 0.000479342 0.000526458 0.000576565 0.000629755 0.000686119 0.000745749 0.000808738 0.000875178 0.00094516 
0 0 0 0 0 0 0 0 0 0 0 0 0 0 0 0 0 0 0 0 0 0 0 0 0 0 0 0 0 0 0 0 0 0 0 0 0 0 0 0 0 0 0 0 0 0 0 0 0 0 0 0 0 0 0 0 0 0 0 0 0 0 0 0 0 0 0 0 0 0 0 0 0 0 0 0 0 0 0 0 
