-0.0692459 -0.46952  0.012242
-0.0675459 -0.47069  0.0115311
-0.0658458 -0.47186  0.0108201
-0.0641415 -0.473012  0.0101234
-0.0623859 -0.47395  0.00960169
-0.0605461 -0.474584  0.00932437
-0.0583315 -0.474921  0.00918366
-0.0554355 -0.474787  0.00922983
-0.0515447 -0.474455  0.00917378
-0.0455203 -0.473858  0.00877526
-0.0390635 -0.473367  0.00806025
-0.0330663 -0.473472  0.00658469
-0.0277496 -0.473995  0.00470065
-0.0248273 -0.475455  0.00220428
-0.0230788 -0.4774  -0.000580796
-0.0212486 -0.479505  -0.00328163
-0.0192181 -0.481711  -0.00590702
-0.0160222 -0.483957  -0.00840918
-0.0117189 -0.486214  -0.0107973
-0.00651975 -0.488206  -0.0131004
-0.000306172 -0.489871  -0.015311
0.00609798 -0.491386  -0.0174058
0.0125926 -0.49271  -0.0193136
0.0186365 -0.493878  -0.0208103
0.0236417 -0.494765  -0.0214567
0.0284412 -0.495478  -0.0215985
0.0333638 -0.495857  -0.0208174
0.0385849 -0.496228  -0.0197121
0.0448942 -0.49703  -0.0185309
0.051743 -0.498036  -0.0173385
0.0588974 -0.499095  -0.0162693
0.0662417 -0.500168  -0.0153
0.0736922 -0.501098  -0.0145412
0.0812239 -0.501889  -0.013967
0.0887734 -0.502393  -0.0135862
0.0963354 -0.502571  -0.0134093
0.103842 -0.502381  -0.0133363
0.111262 -0.501688  -0.0133912
0.118665 -0.500748  -0.013601
0.126057 -0.499468  -0.0140905
0.133417 -0.498342  -0.0150338
0.140692 -0.497836  -0.017056
0.147803 -0.497543  -0.0195556
0.154397 -0.497358  -0.0226475
0.160645 -0.497186  -0.0260425
0.166176 -0.496862  -0.0297755
0.171136 -0.496445  -0.0336041
0.174734 -0.495962  -0.0367808
0.177351 -0.495433  -0.0394779
0.179888 -0.494901  -0.0421359
0.182425 -0.494368  -0.044794
-0.0114944 -0.485185  -0.021032
-0.0114944 -0.485185  -0.021032
-0.0114944 -0.485185  -0.021032
-0.0114944 -0.485185  -0.021032
-0.0114944 -0.485185  -0.021032
-0.0114944 -0.485185  -0.021032
-0.0114944 -0.485185  -0.021032
-0.0114944 -0.485185  -0.021032
-0.0114944 -0.485185  -0.021032
-0.0114944 -0.485185  -0.021032
-0.0114944 -0.485185  -0.021032
-0.0114944 -0.485185  -0.021032
-0.0114944 -0.485185  -0.021032
-0.0114944 -0.485185  -0.021032
-0.0114944 -0.485185  -0.021032
-0.0114944 -0.485185  -0.021032
-0.0114944 -0.485185  -0.021032
-0.0114944 -0.485185  -0.0210321
-0.0114909 -0.485186  -0.0210333
-0.0109966 -0.485291  -0.0211592
-0.00862567 -0.485793  -0.0217605
-0.00546274 -0.48646  -0.0225524
-0.00223939 -0.487129  -0.0233302
0.000997923 -0.487799  -0.0241021
0.00423633 -0.488468  -0.0248683
0.00734542 -0.48903  -0.0254145
0.0099636 -0.489273  -0.0253288
0.0123985 -0.489404  -0.0250266
0.0148346 -0.489531  -0.0247185
0.0172783 -0.489659  -0.0244084
0.0197701 -0.489798  -0.0240957
0.0223056 -0.489939  -0.0237788
0.0248378 -0.490071  -0.0234595
0.0272109 -0.490226  -0.0232149
0.0288914 -0.490485  -0.0232988
0.0302126 -0.490765  -0.0235155
0.0314031 -0.490944  -0.0236596
0.0325198 -0.49108  -0.0237711
0.0332011 -0.491155  -0.0238351
0.0333076 -0.49115  -0.0238376
0.0333399 -0.491137  -0.0238361
0.0333664 -0.491127  -0.0238368
0.0333733 -0.491124  -0.023837
0.0333734 -0.491124  -0.023837
0.0333734 -0.491124  -0.023837
0.0333734 -0.491124  -0.023837
0.0333735 -0.491124  -0.023837
0.0333735 -0.491124  -0.023837
0.0333735 -0.491124  -0.023837
0.0333735 -0.491124  -0.023837
0.0333735 -0.491124  -0.023837
0.00863149 -0.490102  -7.19902e-005
0.00866739 -0.490096  -6.13932e-005
0.00870329 -0.49009  -5.07963e-005
0.0087392 -0.490084  -4.01994e-005
0.00877611 -0.490078  -3.00804e-005
0.00884274 -0.490082  -3.40169e-005
0.00896626 -0.490102  -6.48512e-005
0.00910136 -0.490125  -0.000101177
0.00924063 -0.490149  -0.000140469
0.00939196 -0.490173  -0.000188361
0.00954713 -0.490196  -0.000238991
0.00970235 -0.490219  -0.000289654
0.00985767 -0.490243  -0.000340372
0.0100135 -0.490267  -0.000391359
0.0101695 -0.490291  -0.000442485
0.0103255 -0.490315  -0.000493615
0.0104816 -0.490339  -0.000544745
0.0106381 -0.490366  -0.000599627
0.0108081 -0.490429  -0.000720492
0.0117851 -0.49071  -0.00113178
0.015806 -0.491642  -0.00232364
0.021219 -0.492835  -0.00376522
0.0270728 -0.49403  -0.00502954
0.0330609 -0.495224  -0.0062355
0.0390794 -0.496405  -0.00738829
0.0453524 -0.497384  -0.00790845
0.0516442 -0.49802  -0.0075357
0.0578909 -0.498579  -0.00696224
0.0644677 -0.499073  -0.00620221
0.0713602 -0.499525  -0.00529617
0.0790357 -0.500135  -0.00434072
0.0873347 -0.500671  -0.00328812
0.0954789 -0.500876  -0.00215253
0.103264 -0.501104  -0.00120512
0.109578 -0.501605  -0.00107854
0.115046 -0.502102  -0.00123173
0.119976 -0.502163  -0.00106858
0.124652 -0.502034  -0.00081222
0.128181 -0.501682  -0.000588996
0.130134 -0.501106  -0.000328789
0.13195 -0.50062  -0.00038438
0.133577 -0.500285  -0.00061529
0.134468 -0.500209  -0.000838651
0.135026 -0.50018  -0.00107612
0.135505 -0.500141  -0.00130699
0.135722 -0.500129  -0.00144044
0.135763 -0.500136  -0.00150825
0.135795 -0.500144  -0.00157262
0.135827 -0.500153  -0.00163697
0.135859 -0.500161  -0.00170133
0.135891 -0.500169  -0.00176569
-0.0581044 -0.472726  -0.000617967
-0.05713 -0.472562  -0.000330346
-0.0561556 -0.472399  -4.2726e-005
-0.0551812 -0.472235  0.000244894
-0.054191 -0.472077  0.000525046
-0.0527363 -0.472057  0.000585543
-0.0503927 -0.472304  0.000225689
-0.0478677 -0.472604  -0.000220238
-0.0452536 -0.472905  -0.000729654
-0.0423807 -0.473204  -0.00142348
-0.0394255 -0.473502  -0.00217599
-0.0364693 -0.4738  -0.00292925
-0.0334876 -0.47411  -0.003697
-0.0303827 -0.474476  -0.0045349
-0.0272144 -0.474871  -0.00540885
-0.0240423 -0.475267  -0.00628482
-0.0208646 -0.475663  -0.00716341
-0.0176832 -0.476067  -0.00805684
-0.0144703 -0.476606  -0.0091906
-0.0109636 -0.477382  -0.0107182
-0.00653746 -0.47837  -0.0124899
-0.00190983 -0.479329  -0.0140058
0.0029557 -0.480211  -0.0151363
0.00793047 -0.481095  -0.0161592
0.0128016 -0.481991  -0.0169363
0.0180392 -0.482708  -0.0169291
0.023681 -0.483239  -0.0162136
0.029461 -0.484057  -0.0155216
0.0361727 -0.485024  -0.0144752
0.0437371 -0.485857  -0.0130294
0.0525547 -0.486867  -0.0114837
0.0622885 -0.48747  -0.00971634
0.0717579 -0.487221  -0.00773175
0.0812334 -0.487051  -0.00614598
0.0906082 -0.487341  -0.00588413
0.0996083 -0.487397  -0.00606618
0.108211 -0.487057  -0.00606511
0.116748 -0.486547  -0.00617133
0.125103 -0.485732  -0.00699458
0.132909 -0.484808  -0.00831359
0.140837 -0.484237  -0.0106367
0.148389 -0.484037  -0.0134683
0.154193 -0.484316  -0.0163259
0.158676 -0.484412  -0.0193499
0.162592 -0.484387  -0.0223538
0.164878 -0.484536  -0.0247521
0.166002 -0.484791  -0.0266845
0.166909 -0.485025  -0.0284636
0.167777 -0.485251  -0.0302106
0.168645 -0.485478  -0.0319574
0.169512 -0.485704  -0.0337041
-0.0948146 -0.46049  0.0281333
-0.0926951 -0.460135  0.028759
-0.0905757 -0.459779  0.0293848
-0.0884562 -0.459424  0.0300106
-0.0863115 -0.459076  0.0306244
-0.0834247 -0.45895  0.0308873
-0.0791173 -0.45925  0.0304784
-0.0745198 -0.459636  0.0299318
-0.0697511 -0.460022  0.0292634
-0.0644863 -0.460405  0.0282414
-0.0590636 -0.460787  0.0271068
-0.0536387 -0.461169  0.0259706
-0.0480889 -0.461607  0.0247635
-0.041935 -0.46232  0.0232124
-0.0354695 -0.463173  0.0214841
-0.0288925 -0.464038  0.0197025
-0.0219973 -0.464925  0.0177718
-0.0149918 -0.465824  0.0157817
-0.00796666 -0.466803  0.0136494
-0.000878743 -0.467886  0.0113222
0.00620283 -0.468938  0.00906794
0.0125216 -0.46972  0.00751182
0.0184882 -0.470332  0.00644234
0.024513 -0.470954  0.0055154
0.0301059 -0.471629  0.00518617
0.0355665 -0.472293  0.00533188
0.0412004 -0.472983  0.00565848
0.047154 -0.474355  0.00582272
0.0536779 -0.476305  0.00595586
0.0608505 -0.478048  0.00635795
0.0687119 -0.47971  0.00681484
0.0773174 -0.481024  0.00717012
0.0863027 -0.481668  0.00751279
0.0956925 -0.48263  0.00708673
0.105357 -0.483829  0.00517892
0.114492 -0.484103  0.00272424
0.123136 -0.483939  0.000195775
0.131621 -0.483681  -0.0024929
0.140327 -0.48332  -0.00581662
0.1492 -0.483485  -0.0103888
0.158159 -0.484281  -0.0162316
0.166938 -0.485257  -0.0223776
0.174891 -0.486343  -0.0285708
0.181768 -0.487089  -0.0349561
0.188088 -0.487695  -0.0413405
0.19299 -0.488449  -0.0471937
0.196422 -0.489208  -0.0522556
0.198604 -0.489754  -0.0563004
0.200492 -0.490247  -0.0601008
0.202379 -0.490739  -0.0638994
0.204265 -0.491231  -0.0676979
-0.0369183 -0.463475  0.0114538
-0.0358741 -0.463227  0.0118203
-0.0348298 -0.462979  0.0121868
-0.0337855 -0.46273  0.0125532
-0.0327371 -0.462484  0.0129178
-0.0315692 -0.462273  0.0132258
-0.0301723 -0.462131  0.0134256
-0.0286656 -0.462008  0.0135883
-0.0268112 -0.461912  0.0136531
-0.0246923 -0.46183  0.0136066
-0.0225379 -0.461752  0.0134971
-0.0203862 -0.461681  0.0133237
-0.0181704 -0.461641  0.0131024
-0.0156504 -0.461753  0.0126857
-0.0129903 -0.461965  0.0121323
-0.0100606 -0.462205  0.0114371
-0.00627603 -0.4625  0.0103457
-0.00219413 -0.46281  0.00912033
0.00189717 -0.463121  0.0078889
0.00619624 -0.46335  0.00669572
0.0109797 -0.463363  0.00564283
0.0157315 -0.463254  0.00479254
0.0211493 -0.463152  0.00399811
0.0275074 -0.463039  0.00340771
0.0332945 -0.462671  0.00385247
0.0387493 -0.462256  0.00473505
0.0442304 -0.462187  0.00572929
0.0506511 -0.462702  0.00709678
0.0575838 -0.463462  0.00853261
0.0651502 -0.463653  0.0102673
0.0732422 -0.463659  0.0120294
0.0820717 -0.464403  0.0129257
0.0914983 -0.465516  0.0131733
0.101284 -0.46704  0.0125309
0.110128 -0.468151  0.0113158
0.117997 -0.468583  0.00993171
0.124844 -0.468725  0.00834937
0.131 -0.468772  0.00658618
0.137159 -0.468958  0.0045598
0.143183 -0.469888  0.00119331
0.148001 -0.471161  -0.00328472
0.152213 -0.472275  -0.00789836
0.156373 -0.473294  -0.0126329
0.160443 -0.474271  -0.017471
0.164464 -0.475257  -0.0224153
0.16837 -0.476254  -0.0273244
0.17145 -0.477045  -0.0314199
0.172655 -0.477302  -0.0335401
0.173359 -0.477411  -0.0351223
0.174057 -0.477518  -0.0366986
0.174756 -0.477625  -0.038275
-0.110643 -0.464821  0.0218691
-0.107925 -0.464007  0.0229564
-0.105208 -0.463193  0.0240436
-0.102491 -0.462379  0.0251308
-0.0997731 -0.461564  0.026218
-0.0970555 -0.46075  0.0273052
-0.0943367 -0.459936  0.028392
-0.0912058 -0.459158  0.0293821
-0.08602 -0.458554  0.0298902
-0.0797513 -0.458045  0.0301278
-0.0734631 -0.457575  0.0299969
-0.0672041 -0.457164  0.0292804
-0.0609495 -0.456767  0.0284612
-0.0547749 -0.456473  0.0274731
-0.0488251 -0.456433  0.0260652
-0.0428464 -0.456455  0.0245125
-0.0364043 -0.456285  0.0229613
-0.0296049 -0.455859  0.0215186
-0.0227793 -0.455395  0.0200911
-0.0158616 -0.454804  0.0186818
-0.0085339 -0.453974  0.0173613
-0.00102626 -0.453083  0.016072
0.00741876 -0.452123  0.0148154
0.0169892 -0.450987  0.0139027
0.0261092 -0.449612  0.0143468
0.0348753 -0.448371  0.015601
0.0428167 -0.448109  0.0168994
0.0507336 -0.448667  0.0183542
0.058768 -0.449792  0.0194772
0.0669007 -0.451162  0.0202224
0.0754547 -0.452644  0.020717
0.0848679 -0.454905  0.0202226
0.0949402 -0.457349  0.0189364
0.105495 -0.459644  0.0168451
0.115717 -0.461514  0.0140505
0.125096 -0.463017  0.0107791
0.133632 -0.464357  0.00722846
0.141967 -0.466065  0.00307306
0.150277 -0.468614  -0.00218953
0.157981 -0.471362  -0.00787398
0.164194 -0.473824  -0.0136906
0.169742 -0.475799  -0.019939
0.175242 -0.477207  -0.0269985
0.180721 -0.478671  -0.0349753
0.186109 -0.48037  -0.0441961
0.191421 -0.482079  -0.0535818
0.195799 -0.483373  -0.0615396
0.197771 -0.48363  -0.0659426
0.199066 -0.483603  -0.0693769
0.200353 -0.483572  -0.0728006
0.20164 -0.483542  -0.0762243
-0.0571511 -0.450605  0.0285871
-0.0556703 -0.450103  0.0292364
-0.0541887 -0.449601  0.029886
-0.0526635 -0.449089  0.03055
-0.0510331 -0.448557  0.0312485
-0.0493584 -0.448016  0.0319616
-0.0476837 -0.447475  0.0326738
-0.0457406 -0.446958  0.0333173
-0.0424329 -0.446559  0.0336382
-0.0384052 -0.446221  0.0337758
-0.0343683 -0.445918  0.0335934
-0.0303569 -0.445667  0.0328993
-0.026351 -0.445427  0.0321161
-0.0224141 -0.445276  0.0311719
-0.0186693 -0.44535  0.0298024
-0.0149835 -0.445451  0.0282702
-0.0106581 -0.445187  0.0268633
-0.00546371 -0.444526  0.0255943
-0.000201968 -0.443822  0.0243473
0.00477562 -0.443047  0.0231511
0.00958598 -0.442198  0.0219706
0.0144387 -0.441315  0.0207961
0.0198918 -0.440199  0.0197294
0.0261046 -0.438825  0.0188806
0.0325167 -0.437517  0.0186837
0.0394744 -0.436511  0.0193921
0.0464309 -0.436005  0.0203285
0.0542822 -0.43634  0.0215559
0.0633007 -0.437568  0.022811
0.0727342 -0.439441  0.0235414
0.0823177 -0.441387  0.0238559
0.0921765 -0.443444  0.0236272
0.102627 -0.445536  0.0226299
0.113565 -0.447452  0.0206833
0.124511 -0.449056  0.0179022
0.134711 -0.450355  0.0144485
0.144199 -0.451515  0.0106139
0.153718 -0.453184  0.00606858
0.162597 -0.455791  0.000242383
0.169803 -0.458592  -0.0058971
0.175332 -0.461397  -0.0119701
0.180302 -0.463977  -0.0183608
0.185186 -0.466167  -0.0254046
0.189931 -0.468408  -0.0333654
0.193918 -0.470585  -0.04244
0.197248 -0.472542  -0.051479
0.199748 -0.473951  -0.0585837
0.20079 -0.474255  -0.0616277
0.201479 -0.474301  -0.063724
0.202165 -0.474344  -0.0658138
0.202851 -0.474388  -0.0679035
-0.0706451 -0.457666  0.012527
-0.0696784 -0.456631  0.0136372
-0.0686969 -0.455593  0.0147523
-0.0669942 -0.45441  0.0161046
-0.063544 -0.452873  0.0180322
-0.0592661 -0.451159  0.0202368
-0.0549437 -0.449422  0.0224275
-0.0509503 -0.447738  0.0243577
-0.0470497 -0.446085  0.0261523
-0.0431169 -0.444437  0.0279341
-0.0391801 -0.44279  0.0296907
-0.0352005 -0.441139  0.0313945
-0.0311682 -0.439479  0.0330696
-0.0268507 -0.437839  0.034406
-0.0220247 -0.436224  0.0347574
-0.0175714 -0.434538  0.0341885
-0.0128772 -0.433117  0.0330196
-0.00748861 -0.432229  0.0313022
-0.00211954 -0.431449  0.0295751
0.00266486 -0.430705  0.0282486
0.00715774 -0.429972  0.0271169
0.0116629 -0.429204  0.0260011
0.0163492 -0.428247  0.0249198
0.0212005 -0.427178  0.0238768
0.0263072 -0.426257  0.0231352
0.0323838 -0.425693  0.0231822
0.0390587 -0.425437  0.0236165
0.0472928 -0.426569  0.0247739
0.0571556 -0.428986  0.026388
0.0676876 -0.431904  0.0276133
0.0781166 -0.434465  0.0280983
0.0884737 -0.436641  0.0279116
0.0995127 -0.439031  0.0265765
0.110471 -0.441391  0.0237239
0.120638 -0.443542  0.0200676
0.130728 -0.445522  0.0156134
0.140926 -0.447578  0.0102908
0.151203 -0.450195  0.00389514
0.160921 -0.452921  -0.00296529
0.16926 -0.455649  -0.00988186
0.175503 -0.458435  -0.01669
0.180771 -0.461215  -0.023922
0.185375 -0.463927  -0.0320462
0.189547 -0.466548  -0.0404986
0.192958 -0.468878  -0.0488882
0.195111 -0.470851  -0.0568163
0.196096 -0.472287  -0.0632422
0.19648 -0.473174  -0.0677769
0.196752 -0.473941  -0.0718814
0.19702 -0.474702  -0.0759662
0.197289 -0.475463  -0.080051
-0.134026 -0.470567  0.0159347
-0.132982 -0.46941  0.017175
-0.131918 -0.46825  0.0184218
-0.129889 -0.466894  0.0199863
-0.125461 -0.465048  0.0223433
-0.119099 -0.46272  0.0253845
-0.111802 -0.460084  0.0286966
-0.105355 -0.457563  0.0313362
-0.0993534 -0.455111  0.033647
-0.0933638 -0.452662  0.0359474
-0.0873201 -0.450203  0.0382274
-0.0806563 -0.44762  0.0403127
-0.0733372 -0.444909  0.0421841
-0.0654821 -0.442208  0.0434998
-0.0566611 -0.439534  0.0433588
-0.048104 -0.436782  0.0421505
-0.0395527 -0.434108  0.040416
-0.0303555 -0.431606  0.0380079
-0.0210198 -0.429206  0.0352101
-0.0121099 -0.426845  0.0326587
-0.00354531 -0.424376  0.0306526
0.00483492 -0.421985  0.0288909
0.0128363 -0.419887  0.0275349
0.0207283 -0.417913  0.0263494
0.0286812 -0.416355  0.025643
0.0368102 -0.415258  0.0255318
0.0452435 -0.41446  0.0257081
0.0548236 -0.415127  0.026713
0.065691 -0.416976  0.0282867
0.0771719 -0.419001  0.0295992
0.0884394 -0.420652  0.030047
0.0999547 -0.422117  0.0296257
0.112129 -0.423677  0.0279577
0.124085 -0.425454  0.0248962
0.134881 -0.428064  0.0210277
0.145359 -0.431288  0.01623
0.156111 -0.434869  0.0102264
0.166521 -0.438722  0.00298037
0.175874 -0.442175  -0.00474462
0.183639 -0.445462  -0.0125811
0.18969 -0.448674  -0.02022
0.194885 -0.451835  -0.0282587
0.199207 -0.454886  -0.0372891
0.202529 -0.457716  -0.0468532
0.205029 -0.460342  -0.0565032
0.206837 -0.462756  -0.0657977
0.2078 -0.464587  -0.0735747
0.208317 -0.465872  -0.0796535
0.208626 -0.466812  -0.0844555
0.208893 -0.467681  -0.088985
0.209159 -0.468551  -0.093514
-0.0832394 -0.446403  0.0318945
-0.0822995 -0.445469  0.03308
-0.081357 -0.444534  0.0342665
-0.080285 -0.443571  0.035498
-0.078796 -0.442474  0.0369385
-0.0761896 -0.440966  0.0389435
-0.0725613 -0.439124  0.0413461
-0.0691044 -0.437292  0.0435783
-0.0657653 -0.435483  0.0457006
-0.0623625 -0.433717  0.0475927
-0.058814 -0.432021  0.0490059
-0.0545147 -0.430196  0.050087
-0.0494508 -0.428218  0.0509271
-0.0442332 -0.42623  0.0516527
-0.0387871 -0.424241  0.0520743
-0.0328065 -0.422188  0.0516476
-0.025987 -0.42005  0.0501869
-0.0175182 -0.417804  0.0471408
-0.00838441 -0.41567  0.0429248
0.00039628 -0.413521  0.0387971
0.00843261 -0.410936  0.035903
0.0160545 -0.40839  0.0335593
0.0232606 -0.406425  0.0318722
0.0303534 -0.404873  0.0305176
0.0375765 -0.404053  0.0296387
0.0448984 -0.403648  0.0291913
0.0529765 -0.403582  0.0295872
0.0620993 -0.403977  0.0308728
0.0722893 -0.404305  0.0323043
0.0835043 -0.404508  0.0333914
0.0956019 -0.405016  0.0332355
0.10769 -0.40591  0.0316636
0.119951 -0.407432  0.0287392
0.132263 -0.410029  0.0243364
0.144066 -0.413612  0.0192114
0.155622 -0.417892  0.0135731
0.166745 -0.422351  0.00707449
0.176592 -0.426344  -9.12394e-005
0.185172 -0.429985  -0.00805411
0.191966 -0.433658  -0.0164349
0.196556 -0.437506  -0.0246508
0.200001 -0.441232  -0.0335568
0.202883 -0.44472  -0.0433426
0.205125 -0.447935  -0.0532144
0.206258 -0.450539  -0.0627028
0.207022 -0.452909  -0.0719679
0.207643 -0.455129  -0.0807958
0.207905 -0.456887  -0.0873241
0.207703 -0.458047  -0.090471
0.207385 -0.459065  -0.0927599
0.207067 -0.460083  -0.0950451
-0.121572 -0.476063  -0.00441213
-0.119567 -0.4741  -0.00186277
-0.117562 -0.472137  0.000686595
-0.11554 -0.470153  0.00326779
-0.113019 -0.467584  0.00675154
-0.109332 -0.463695  0.012262
-0.105298 -0.459473  0.0182785
-0.101242 -0.455249  0.0242946
-0.0967315 -0.451081  0.0301451
-0.0911762 -0.447156  0.034912
-0.0851406 -0.443547  0.0379428
-0.0789479 -0.439987  0.0405684
-0.0724881 -0.436378  0.0431039
-0.0658576 -0.432591  0.0455158
-0.0592367 -0.428553  0.0477188
-0.0516447 -0.424365  0.0485637
-0.04298 -0.420041  0.0479822
-0.0335388 -0.41563  0.0465074
-0.0232194 -0.411164  0.0435731
-0.0122692 -0.406747  0.039015
-0.00192798 -0.402003  0.0335324
0.00731302 -0.397264  0.0287276
0.0162153 -0.393709  0.0254946
0.0247902 -0.391409  0.0231788
0.0330572 -0.390691  0.0216834
0.0410133 -0.390569  0.0211353
0.0491986 -0.390986  0.0219768
0.0581413 -0.391888  0.0236597
0.0683631 -0.392493  0.025413
0.0802363 -0.393023  0.0267502
0.0937185 -0.394262  0.0268199
0.107153 -0.395982  0.0254061
0.120555 -0.398368  0.0229234
0.134124 -0.401956  0.0189896
0.147538 -0.406199  0.0137135
0.160571 -0.410375  0.00767864
0.172886 -0.414516  0.00076076
0.183648 -0.418399  -0.00696538
0.192818 -0.422203  -0.0159224
0.199685 -0.426615  -0.025836
0.203589 -0.432542  -0.0357073
0.205676 -0.43877  -0.0461746
0.206987 -0.444035  -0.0574954
0.207902 -0.448662  -0.068587
0.207947 -0.45222  -0.0785495
0.207643 -0.455229  -0.0876276
0.207295 -0.458093  -0.0962789
0.206787 -0.460767  -0.103597
0.206018 -0.46311  -0.108631
0.205182 -0.465349  -0.113009
0.204346 -0.467586  -0.11738
-0.120788 -0.454958  0.023629
-0.120205 -0.453956  0.024968
-0.119621 -0.452955  0.0263071
-0.119021 -0.451933  0.0276774
-0.117935 -0.450336  0.0299334
-0.11576 -0.447458  0.0341569
-0.113126 -0.444208  0.0388694
-0.110212 -0.440874  0.0436048
-0.106403 -0.437628  0.0480638
-0.100795 -0.434635  0.0516591
-0.0947022 -0.431801  0.0544716
-0.0884868 -0.428981  0.0571034
-0.0807989 -0.425927  0.0592436
-0.0714979 -0.421962  0.0605539
-0.0625243 -0.41691  0.0614427
-0.0534449 -0.411602  0.0619313
-0.0440017 -0.405845  0.0614183
-0.0341891 -0.399686  0.059881
-0.023451 -0.393395  0.0565054
-0.0116704 -0.387386  0.0508716
0.000345982 -0.382127  0.0431498
0.0110179 -0.377453  0.0360206
0.0211614 -0.374143  0.0308686
0.0312851 -0.372  0.026837
0.0416912 -0.371009  0.023939
0.0520259 -0.370457  0.0231703
0.0616141 -0.370693  0.0242953
0.0706734 -0.372376  0.0261797
0.079711 -0.374675  0.0280271
0.089543 -0.377593  0.029299
0.100692 -0.381423  0.0296336
0.113052 -0.38522  0.0286199
0.126731 -0.388479  0.0262785
0.141554 -0.391992  0.0225167
0.156038 -0.395826  0.0174089
0.169537 -0.399588  0.0111536
0.181983 -0.403659  0.0035087
0.19211 -0.407924  -0.00493739
0.200032 -0.412669  -0.0145136
0.206183 -0.417938  -0.0248792
0.210249 -0.424313  -0.0348716
0.211901 -0.43123  -0.0439961
0.212365 -0.436103  -0.0529185
0.212395 -0.439602  -0.0616621
0.211942 -0.443022  -0.0699121
0.211212 -0.445986  -0.0767194
0.210394 -0.448585  -0.0825277
0.209623 -0.450896  -0.0875905
0.209039 -0.452371  -0.0905907
0.208571 -0.453356  -0.0924198
0.208109 -0.454319  -0.0941951
-0.115097 -0.4671  0.000937984
-0.114759 -0.464377  0.00468818
-0.114412 -0.461599  0.00853563
-0.114045 -0.458703  0.0125891
-0.113606 -0.455688  0.0168216
-0.112959 -0.452495  0.0212764
-0.111078 -0.448855  0.0259158
-0.107695 -0.444699  0.0307258
-0.103956 -0.4405  0.0355001
-0.0998527 -0.436335  0.0401525
-0.0956393 -0.432171  0.0447575
-0.0908508 -0.427897  0.0491885
-0.0841903 -0.423306  0.0530258
-0.0757573 -0.418239  0.0560212
-0.0666155 -0.4127  0.0581023
-0.057536 -0.406536  0.0596341
-0.0483631 -0.399546  0.0600052
-0.0390065 -0.391963  0.0590035
-0.0294249 -0.384322  0.0563736
-0.0194747 -0.376973  0.0518006
-0.00903175 -0.371052  0.0453918
0.000985493 -0.366681  0.0378956
0.0105909 -0.363027  0.0305835
0.0212647 -0.359827  0.0239494
0.0341107 -0.357292  0.0186869
0.0481654 -0.355395  0.0165783
0.061948 -0.354333  0.017543
0.075014 -0.354695  0.0196565
0.0871064 -0.355804  0.0215663
0.0989373 -0.357623  0.0230348
0.111195 -0.360968  0.0238068
0.123678 -0.364983  0.0230024
0.137334 -0.369153  0.020247
0.152361 -0.374309  0.0153096
0.166678 -0.37987  0.00907852
0.17927 -0.385743  0.00133272
0.190158 -0.391602  -0.00771464
0.199789 -0.397502  -0.0173006
0.207145 -0.403721  -0.0280562
0.211719 -0.409956  -0.0400417
0.21525 -0.416348  -0.0519852
0.216818 -0.423294  -0.0630574
0.216746 -0.429064  -0.0734178
0.216056 -0.433558  -0.0834496
0.214491 -0.438966  -0.0931526
0.212544 -0.444174  -0.102401
0.21053 -0.448756  -0.11145
0.208626 -0.45287  -0.119569
0.207068 -0.45573  -0.124824
0.205704 -0.457872  -0.128434
0.204347 -0.459983  -0.131969
-0.130112 -0.47418  -0.00310273
-0.129978 -0.472458  -0.00073214
-0.129774 -0.470276  0.00244974
-0.129397 -0.467116  0.00733873
-0.128651 -0.463244  0.0132031
-0.127437 -0.45886  0.0195731
-0.125431 -0.45416  0.0260863
-0.122502 -0.449143  0.0327074
-0.119293 -0.444007  0.0392982
-0.115591 -0.438545  0.0456745
-0.111617 -0.432928  0.0519318
-0.106162 -0.427008  0.0577529
-0.0985166 -0.420654  0.0629193
-0.089629 -0.41437  0.0673341
-0.0785295 -0.408232  0.0698138
-0.0674256 -0.400763  0.0711032
-0.0565049 -0.392073  0.0715577
-0.045667 -0.383037  0.0701017
-0.0352726 -0.374754  0.0664847
-0.0258462 -0.367297  0.061409
-0.016539 -0.360934  0.0551086
-0.00722679 -0.355892  0.0473364
0.00193144 -0.351085  0.0388875
0.0123693 -0.346228  0.0300048
0.0264338 -0.343078  0.0220229
0.0429415 -0.341955  0.0173106
0.0600488 -0.341936  0.0170564
0.076479 -0.342782  0.018672
0.0912377 -0.344155  0.0203528
0.105536 -0.346259  0.0218706
0.119806 -0.349902  0.0227057
0.133631 -0.355195  0.0219609
0.14724 -0.361848  0.0194362
0.160775 -0.369169  0.0149466
0.173878 -0.376591  0.00883994
0.185384 -0.383876  0.00112352
0.194563 -0.390588  -0.00818009
0.202168 -0.397248  -0.0192393
0.208105 -0.403719  -0.0311042
0.211099 -0.409321  -0.0429781
0.212892 -0.414505  -0.0546196
0.213735 -0.419979  -0.0659262
0.213303 -0.425721  -0.0764853
0.21239 -0.431533  -0.0864785
0.210825 -0.438051  -0.0951824
0.208801 -0.443885  -0.103124
0.206661 -0.448388  -0.111247
0.204793 -0.452065  -0.118107
0.203629 -0.454111  -0.121751
0.20277 -0.45544  -0.123973
0.201918 -0.456751  -0.126159
-0.123199 -0.471225  -0.0135541
-0.124085 -0.469005  -0.010542
-0.124914 -0.466415  -0.00687425
-0.125593 -0.463022  -0.0018151
-0.125851 -0.458916  0.00416454
-0.125606 -0.454184  0.0107594
-0.125255 -0.449147  0.0176103
-0.124702 -0.443989  0.024605
-0.122496 -0.438713  0.031848
-0.118046 -0.432715  0.0388678
-0.113015 -0.426278  0.0456947
-0.107523 -0.419476  0.0524456
-0.101152 -0.412388  0.0588788
-0.0935038 -0.405005  0.0644997
-0.0846135 -0.397459  0.0691588
-0.0746545 -0.388989  0.0726272
-0.063544 -0.378463  0.074383
-0.0519468 -0.367556  0.0734724
-0.0404315 -0.358955  0.0695256
-0.0299549 -0.35202  0.063647
-0.0203892 -0.345479  0.0569791
-0.0112182 -0.339456  0.0490209
-0.0019514 -0.33356  0.0398191
0.00846909 -0.327702  0.0294102
0.0224468 -0.324217  0.0197034
0.0400758 -0.323559  0.0134003
0.0589217 -0.324134  0.0125872
0.0766359 -0.324939  0.0143789
0.0939812 -0.325851  0.0166183
0.111801 -0.328167  0.018907
0.129764 -0.333445  0.0200633
0.14698 -0.340597  0.019364
0.16224 -0.348075  0.0167577
0.17664 -0.355651  0.0124074
0.19034 -0.363565  0.00560371
0.201449 -0.371379  -0.00333865
0.210381 -0.378988  -0.0136867
0.216732 -0.386309  -0.025479
0.220286 -0.393029  -0.0373178
0.221755 -0.398815  -0.0483714
0.22167 -0.404204  -0.0594701
0.220957 -0.409684  -0.0707351
0.219683 -0.415515  -0.0811878
0.217984 -0.42166  -0.0908421
0.215991 -0.428124  -0.0995151
0.213731 -0.43427  -0.107555
0.211299 -0.439116  -0.115745
0.209073 -0.442973  -0.122876
0.207555 -0.445313  -0.127021
0.206473 -0.446802  -0.129418
0.205444 -0.448206  -0.131621
-0.133912 -0.470298  0.000264298
-0.135034 -0.467609  0.00391482
-0.136153 -0.46486  0.00765768
-0.137271 -0.461839  0.0117953
-0.138352 -0.45857  0.0162628
-0.139371 -0.455054  0.0209615
-0.14035 -0.450788  0.0262833
-0.14104 -0.446156  0.0320025
-0.139247 -0.441622  0.0383749
-0.13467 -0.436886  0.0451304
-0.128809 -0.431275  0.051894
-0.122785 -0.424164  0.0589927
-0.116397 -0.416266  0.0659929
-0.108504 -0.407508  0.0720553
-0.0992472 -0.397688  0.0772209
-0.0881075 -0.386635  0.0807194
-0.0753275 -0.374196  0.0816392
-0.0619739 -0.361709  0.0796933
-0.0479405 -0.350998  0.0749674
-0.0341324 -0.342153  0.0672101
-0.022042 -0.333943  0.0577018
-0.0115603 -0.32673  0.0473075
-0.00169846 -0.320165  0.0363007
0.00869312 -0.314307  0.0247862
0.022367 -0.309725  0.0138954
0.0418306 -0.307945  0.0063219
0.0637035 -0.308364  0.0053197
0.0830225 -0.310061  0.00790487
0.101682 -0.313342  0.0116965
0.121423 -0.318909  0.0157194
0.140542 -0.326594  0.0177437
0.157535 -0.333949  0.0168959
0.172314 -0.340919  0.0138635
0.186031 -0.349577  0.00794264
0.198259 -0.359422  -0.00139876
0.207136 -0.369229  -0.0128334
0.213617 -0.378004  -0.0256731
0.218151 -0.385955  -0.0387122
0.219686 -0.393296  -0.0506078
0.219833 -0.400321  -0.0619076
0.218568 -0.407355  -0.0734537
0.216238 -0.414428  -0.084879
0.213578 -0.421548  -0.0952526
0.210714 -0.428662  -0.104676
0.207879 -0.435447  -0.113586
0.205079 -0.441606  -0.122116
0.202316 -0.446286  -0.130334
0.199647 -0.450252  -0.138143
0.197453 -0.453435  -0.144205
0.196008 -0.455438  -0.147561
0.194754 -0.457141  -0.150225
-0.141433 -0.452173  -0.00393156
-0.142117 -0.451212  -0.00242286
-0.142814 -0.450002  -0.000568589
-0.143589 -0.447228  0.00344287
-0.144469 -0.44308  0.00930384
-0.145461 -0.438458  0.0156597
-0.146513 -0.433434  0.0223198
-0.147431 -0.428244  0.0292174
-0.146974 -0.423387  0.0367639
-0.144434 -0.418513  0.0446935
-0.13952 -0.412782  0.0524985
-0.133074 -0.406203  0.0603163
-0.125053 -0.398064  0.0680283
-0.115933 -0.387783  0.0754915
-0.105477 -0.3753  0.0818137
-0.093982 -0.361543  0.086073
-0.0818812 -0.347829  0.0868859
-0.0692102 -0.334785  0.0841758
-0.0558792 -0.322334  0.0784455
-0.0420462 -0.310818  0.0695591
-0.0281242 -0.30179  0.0575505
-0.0158081 -0.295234  0.0443577
-0.00483441 -0.289175  0.0311904
0.00661572 -0.283512  0.0185648
0.0217535 -0.27925  0.00777324
0.0433564 -0.278802  0.00166683
0.0676382 -0.280827  0.00268388
0.0899997 -0.28348  0.00726282
0.112333 -0.287454  0.0129181
0.13594 -0.293917  0.0178736
0.157319 -0.302019  0.0197856
0.174834 -0.310245  0.0179817
0.190378 -0.31918  0.0132552
0.204259 -0.330212  0.00528631
0.214917 -0.342213  -0.00545574
0.221074 -0.353657  -0.0166748
0.224795 -0.363005  -0.0288176
0.226944 -0.371311  -0.0420308
0.227408 -0.37943  -0.0548022
0.226384 -0.387325  -0.0669862
0.224415 -0.395117  -0.078605
0.22175 -0.402696  -0.0891873
0.218991 -0.409951  -0.0983713
0.21621 -0.416936  -0.106501
0.21355 -0.423263  -0.113872
0.211158 -0.428559  -0.120321
0.209397 -0.431727  -0.125107
0.207926 -0.433966  -0.12911
0.206648 -0.435894  -0.132425
0.205689 -0.437326  -0.134594
0.204814 -0.438627  -0.136461
-0.134565 -0.491233  -0.0297873
-0.136049 -0.489513  -0.026899
-0.137542 -0.487614  -0.023762
-0.1391 -0.484574  -0.0190606
-0.141005 -0.480007  -0.012625
-0.143722 -0.473704  -0.00481984
-0.147319 -0.465807  0.00390662
-0.151273 -0.456923  0.0133519
-0.153299 -0.448547  0.0239469
-0.153358 -0.440327  0.0352122
-0.152081 -0.431681  0.0466262
-0.147935 -0.422848  0.0582619
-0.140277 -0.413026  0.0700808
-0.129329 -0.400582  0.082025
-0.117614 -0.385618  0.0921764
-0.106264 -0.369518  0.0991027
-0.0951662 -0.353308  0.101951
-0.0804448 -0.336728  0.0991609
-0.0627605 -0.321455  0.0890786
-0.0461572 -0.308461  0.0745984
-0.0301043 -0.299083  0.0574267
-0.0163304 -0.292361  0.0396052
-0.00439875 -0.286022  0.0228585
0.00883207 -0.279999  0.00872248
0.0262264 -0.275412  -0.00170825
0.04951 -0.275536  -0.00684959
0.0739699 -0.277509  -0.00571665
0.0960625 -0.279325  -0.000790204
0.118905 -0.284411  0.00581695
0.142778 -0.293048  0.0107996
0.164095 -0.302495  0.0118261
0.182624 -0.312111  0.00934777
0.198973 -0.322849  0.00255089
0.212492 -0.333798  -0.00803347
0.221261 -0.345111  -0.0207803
0.225268 -0.356127  -0.0333966
0.226843 -0.366017  -0.0467849
0.226658 -0.375608  -0.0605918
0.224957 -0.385274  -0.0738128
0.221955 -0.394848  -0.0865547
0.218182 -0.403988  -0.0979399
0.2143 -0.412224  -0.107687
0.210748 -0.419494  -0.11559
0.207405 -0.426241  -0.122479
0.204372 -0.432189  -0.128812
0.201911 -0.436687  -0.134205
0.199804 -0.440124  -0.138785
0.197825 -0.443138  -0.143034
0.195858 -0.446115  -0.147249
0.193899 -0.449081  -0.151435
0.191942 -0.452044  -0.155614
-0.159024 -0.430529  0.0110304
-0.159727 -0.429588  0.0124733
-0.160432 -0.428634  0.0139315
-0.161157 -0.427586  0.0154983
-0.162119 -0.426022  0.0174797
-0.163733 -0.423191  0.0203844
-0.166417 -0.418475  0.0244173
-0.169858 -0.412216  0.0296566
-0.172951 -0.405287  0.0365028
-0.175379 -0.397911  0.0437979
-0.176458 -0.390339  0.0515872
-0.175131 -0.382372  0.0605974
-0.171169 -0.373051  0.071444
-0.163821 -0.361836  0.0830584
-0.154271 -0.348893  0.0930406
-0.142363 -0.333533  0.10037
-0.127291 -0.314027  0.104711
-0.106975 -0.289396  0.102664
-0.0828447 -0.26822  0.0899322
-0.0599616 -0.255877  0.0697482
-0.0399515 -0.248481  0.0480946
-0.0240419 -0.242159  0.0282844
-0.0101752 -0.235731  0.0127073
0.0061878 -0.230216  0.00327446
0.0276301 -0.227179  -0.00151529
0.0552616 -0.228359  -0.00273359
0.0832197 -0.230927  0.000349562
0.109292 -0.234968  0.00753247
0.136456 -0.245259  0.0159039
0.162246 -0.258215  0.0199131
0.184331 -0.270255  0.0177575
0.20309 -0.281888  0.0109991
0.218075 -0.293481  0.000461667
0.229173 -0.304531  -0.0128897
0.235197 -0.316841  -0.0269815
0.236578 -0.329707  -0.0400429
0.235578 -0.341358  -0.0536415
0.23363 -0.351636  -0.067699
0.230576 -0.361584  -0.0811595
0.226768 -0.371355  -0.0929104
0.223092 -0.38074  -0.101168
0.220045 -0.388183  -0.106909
0.21727 -0.394771  -0.111776
0.214582 -0.401039  -0.116529
0.212225 -0.406515  -0.120921
0.210582 -0.410726  -0.124382
0.209333 -0.414091  -0.127185
0.208461 -0.415918  -0.129066
0.20769 -0.417328  -0.130701
0.20692 -0.418733  -0.132332
0.20615 -0.420138  -0.133964
-0.149664 -0.479765  -0.0274624
-0.151358 -0.477002  -0.0236958
-0.153109 -0.474143  -0.0198725
-0.155392 -0.470391  -0.015536
-0.158445 -0.465369  -0.0106834
-0.162083 -0.459422  -0.00562437
-0.166358 -0.452542  0.00031417
-0.171058 -0.444765  0.0075678
-0.176149 -0.435729  0.0169976
-0.18158 -0.426073  0.0267057
-0.185848 -0.416363  0.0373851
-0.188367 -0.406836  0.0496648
-0.188549 -0.396689  0.064479
-0.185866 -0.384944  0.0812586
-0.17901 -0.371064  0.098879
-0.166495 -0.351555  0.116198
-0.147386 -0.323106  0.129046
-0.124065 -0.288019  0.128035
-0.0995073 -0.261882  0.108354
-0.0736941 -0.256546  0.0758852
-0.0485489 -0.259184  0.0405571
-0.0257201 -0.258136  0.00888402
-0.00318288 -0.253407  -0.0118111
0.0194313 -0.249107  -0.0206596
0.0435588 -0.247951  -0.0234646
0.0717673 -0.249239  -0.0220639
0.0999464 -0.248299  -0.0152724
0.128905 -0.248108  -0.00289658
0.160436 -0.254132  0.00829443
0.187822 -0.264179  0.0104243
0.208003 -0.276255  0.00443012
0.221691 -0.288475  -0.00568344
0.230778 -0.3003  -0.0181392
0.236816 -0.312801  -0.0333469
0.238945 -0.326663  -0.0482294
0.237768 -0.341877  -0.0609386
0.234413 -0.355905  -0.0732013
0.230071 -0.367449  -0.0864379
0.224873 -0.378536  -0.0991724
0.219218 -0.389715  -0.110605
0.214087 -0.401173  -0.119114
0.209854 -0.411088  -0.12507
0.206079 -0.419644  -0.130365
0.202396 -0.427487  -0.136397
0.198848 -0.434972  -0.14271
0.19605 -0.442332  -0.148248
0.194049 -0.448751  -0.152644
0.192653 -0.452798  -0.155597
0.191414 -0.456196  -0.158166
0.190177 -0.459587  -0.16073
0.188939 -0.462978  -0.163294
-0.154483 -0.45662  -0.023996
-0.155677 -0.454685  -0.0214823
-0.157041 -0.452456  -0.0186948
-0.15982 -0.447837  -0.0143261
-0.16477 -0.439664  -0.00864609
-0.171379 -0.42894  -0.00293151
-0.178562 -0.417524  0.0031839
-0.186121 -0.405768  0.00981304
-0.194358 -0.393716  0.016602
-0.203395 -0.381236  0.022905
-0.212155 -0.366943  0.030646
-0.220342 -0.350765  0.0397625
-0.227008 -0.33374  0.0513875
-0.230381 -0.31571  0.0660297
-0.228338 -0.295365  0.0824841
-0.217203 -0.271809  0.0981859
-0.195784 -0.247827  0.102654
-0.16573 -0.223257  0.0891803
-0.136497 -0.196509  0.0688426
-0.109446 -0.172575  0.0539232
-0.0804315 -0.152319  0.0375138
-0.0503612 -0.133006  0.0193339
-0.0155536 -0.119055  0.0080165
0.020216 -0.115644  0.00283831
0.0529478 -0.117761  -4.1027e-005
0.0861917 -0.126653  -0.000643905
0.117321 -0.142589  0.00357703
0.149723 -0.163165  0.0127632
0.182995 -0.186179  0.0170952
0.210029 -0.20817  0.0109765
0.226973 -0.230235  -0.00083296
0.235607 -0.249356  -0.0140392
0.240525 -0.267179  -0.0289688
0.242557 -0.284755  -0.0459184
0.241816 -0.301315  -0.0606694
0.239204 -0.317005  -0.0715273
0.23528 -0.33128  -0.0817399
0.230586 -0.342573  -0.0927271
0.225829 -0.351637  -0.102684
0.221289 -0.359298  -0.111113
0.21754 -0.366434  -0.11727
0.214888 -0.372266  -0.120842
0.21277 -0.376779  -0.123589
0.210752 -0.380803  -0.126653
0.208792 -0.384632  -0.129909
0.207122 -0.388459  -0.132881
0.205735 -0.392115  -0.135508
0.204656 -0.395018  -0.137629
0.203816 -0.397417  -0.139404
0.203007 -0.399757  -0.141139
0.202198 -0.402097  -0.142874
-0.158071 -0.481619  -0.0398448
-0.159894 -0.478862  -0.0382575
-0.161894 -0.475763  -0.0359219
-0.164709 -0.471198  -0.0316256
-0.168781 -0.464528  -0.0262275
-0.17382 -0.456599  -0.0207654
-0.17927 -0.448781  -0.0153975
-0.185189 -0.440869  -0.00988744
-0.192269 -0.432592  -0.00447712
-0.200946 -0.423728  0.00017045
-0.210725 -0.412693  0.00589431
-0.221582 -0.398919  0.0125022
-0.232134 -0.385324  0.0213248
-0.241014 -0.373603  0.0334352
-0.246942 -0.362916  0.0499762
-0.243284 -0.35618  0.073096
-0.230109 -0.352625  0.0987608
-0.203627 -0.256282  0.16271
-0.132731 -0.210855  0.12526
-0.0907056 -0.2758  0.0195976
-0.0655426 -0.281921  -0.0318679
-0.0429186 -0.26882  -0.0595662
-0.0133572 -0.251877  -0.0689079
0.0262431 -0.22627  -0.0621466
0.0669071 -0.190175  -0.0438997
0.108805 -0.166309  -0.0251183
0.151498 -0.164606  -0.00797079
0.191184 -0.174123  0.00407078
0.222425 -0.192262  0.00171046
0.241465 -0.215608  -0.0124267
0.249009 -0.238983  -0.0282963
0.250385 -0.259783  -0.0439775
0.249397 -0.278285  -0.0598931
0.246735 -0.295452  -0.0745547
0.242824 -0.312627  -0.0856273
0.23822 -0.329384  -0.0939785
0.232941 -0.34495  -0.102602
0.227751 -0.358153  -0.110493
0.222842 -0.369348  -0.117227
0.217932 -0.378991  -0.123551
0.213485 -0.388187  -0.128889
0.21001 -0.397275  -0.132573
0.2071 -0.40596  -0.135782
0.204539 -0.413708  -0.139423
0.202163 -0.420622  -0.143591
0.199881 -0.427274  -0.147749
0.197777 -0.433517  -0.151735
0.196512 -0.438177  -0.154619
0.196118 -0.441201  -0.156347
0.195847 -0.443993  -0.157911
0.195577 -0.446785  -0.159474
-0.166553 -0.446692  -0.0272262
-0.169024 -0.442965  -0.025181
-0.171576 -0.439076  -0.022733
-0.174858 -0.433906  -0.0191806
-0.180082 -0.425481  -0.0145403
-0.186498 -0.415479  -0.00960494
-0.193283 -0.405567  -0.00488213
-0.200467 -0.394993  -0.000270379
-0.208338 -0.382987  0.00462272
-0.217244 -0.368812  0.0101812
-0.227544 -0.352015  0.0169925
-0.239946 -0.33162  0.0238619
-0.2545 -0.307762  0.0322152
-0.272924 -0.277443  0.0441135
-0.296194 -0.237969  0.0621092
-0.320558 -0.187839  0.0885026
-0.342566 -0.115392  0.12146
-0.34582 0.136784  0.233768
-0.24198 0.264096  0.243653
-0.160114 0.117574  0.14207
-0.115784 0.0739616  0.10765
-0.0808871 0.0824069  0.0999303
-0.0393333 0.0923106  0.0912023
0.0128843 0.0784694  0.0689278
0.0610344 0.0291807  0.0357251
0.0999068 -0.043183  0.00564545
0.146446 -0.0955526  -0.00365462
0.19511 -0.10869  -0.0038426
0.229915 -0.120491  -0.0126803
0.245715 -0.149873  -0.0314382
0.248874 -0.182026  -0.0489633
0.246906 -0.211759  -0.0660686
0.243654 -0.237117  -0.0801763
0.240188 -0.259083  -0.0905696
0.236261 -0.280336  -0.0984334
0.231656 -0.300213  -0.105425
0.226487 -0.317183  -0.112896
0.221686 -0.332098  -0.11933
0.216871 -0.345513  -0.125191
0.211634 -0.357353  -0.131234
0.206791 -0.368519  -0.1362
0.203022 -0.379756  -0.139514
0.19988 -0.390679  -0.142369
0.197172 -0.400466  -0.145733
0.194856 -0.408885  -0.149701
0.192966 -0.416168  -0.153494
0.191603 -0.422084  -0.156882
0.190711 -0.427021  -0.159693
0.190293 -0.430983  -0.161883
0.18997 -0.434725  -0.163949
0.189648 -0.438465  -0.166014
-0.180604 -0.463184  -0.046807
-0.182147 -0.460904  -0.0458143
-0.183695 -0.458615  -0.0448051
-0.185546 -0.455805  -0.0436279
-0.188485 -0.451172  -0.041963
-0.192353 -0.445693  -0.0403431
-0.196678 -0.440361  -0.0391685
-0.201283 -0.434452  -0.0381591
-0.206139 -0.427768  -0.0370592
-0.211384 -0.419727  -0.0354969
-0.217431 -0.410025  -0.0339011
-0.224434 -0.399574  -0.035197
-0.232093 -0.38796  -0.0384476
-0.240889 -0.372705  -0.0420867
-0.250684 -0.353178  -0.0459843
-0.256829 -0.33257  -0.0532622
-0.244103 -0.326554  -0.0823048
-0.212927 -0.309914  -0.117716
-0.169626 -0.277292  -0.130979
-0.136892 -0.258738  -0.134642
-0.112093 -0.23661  -0.143503
-0.0864303 -0.258109  -0.168249
-0.0558971 -0.306529  -0.184184
-0.0106392 -0.30789  -0.157691
0.0530292 -0.21556  -0.0806221
0.132795 -0.123393  -0.00831048
0.237159 -0.0382429  0.0523298
0.255267 -0.166854  -0.0440468
0.247711 -0.185532  -0.066189
0.242849 -0.200306  -0.075679
0.237143 -0.222516  -0.0867841
0.231852 -0.243866  -0.098315
0.228574 -0.261543  -0.107153
0.226253 -0.277335  -0.113506
0.223532 -0.294069  -0.118481
0.22071 -0.31072  -0.122472
0.21755 -0.324316  -0.126845
0.214313 -0.336346  -0.131164
0.210572 -0.347776  -0.135722
0.20616 -0.358981  -0.140389
0.202551 -0.369835  -0.143316
0.199757 -0.379832  -0.145128
0.197099 -0.389261  -0.14699
0.194514 -0.398045  -0.149412
0.192531 -0.405309  -0.152097
0.191011 -0.411499  -0.154698
0.189747 -0.417018  -0.157116
0.188771 -0.421717  -0.159189
0.18841 -0.424497  -0.160448
0.188296 -0.426184  -0.161298
0.188175 -0.427744  -0.162119
-0.165155 -0.451972  -0.0272947
-0.168798 -0.446623  -0.0251417
-0.172441 -0.441272  -0.0229886
-0.176361 -0.435401  -0.0206475
-0.181606 -0.427052  -0.0174155
-0.187892 -0.417  -0.0136475
-0.194356 -0.406922  -0.00998907
-0.200909 -0.39669  -0.00649086
-0.20779 -0.385726  -0.00363756
-0.21555 -0.37168  -0.000460906
-0.224843 -0.352295  0.00345584
-0.235006 -0.329101  0.0053194
-0.244858 -0.302208  0.00542806
-0.253405 -0.272558  0.00628272
-0.260002 -0.239349  0.0109541
-0.261455 -0.202171  0.0190218
-0.245818 -0.164133  0.0223504
-0.21689 -0.131822  0.0181249
-0.190941 -0.108783  0.0141668
-0.168239 -0.0968319  0.00851259
-0.152118 -0.112713  -0.00324107
-0.162962 0.00770211  0.120032
-0.10248 0.316942  0.233
0.0229775 0.434528  0.179047
0.143791 0.553649  0.253128
0.22983 0.411726  0.158953
0.308677 0.336506  0.100708
0.284037 0.0296928  -0.0714421
0.249625 -0.0592603  -0.0907438
0.235293 -0.109902  -0.0933578
0.225753 -0.155833  -0.100816
0.220284 -0.190695  -0.107749
0.218487 -0.216861  -0.112969
0.216793 -0.23858  -0.118347
0.214794 -0.259644  -0.123253
0.212912 -0.279883  -0.127332
0.210183 -0.297985  -0.132304
0.206961 -0.315032  -0.137891
0.20371 -0.330906  -0.143045
0.200314 -0.345749  -0.147635
0.197832 -0.360201  -0.150808
0.196116 -0.372962  -0.153112
0.194581 -0.384575  -0.155531
0.193109 -0.395529  -0.158627
0.192161 -0.406067  -0.161925
0.191678 -0.416366  -0.165243
0.191231 -0.426227  -0.168658
0.190937 -0.435411  -0.171866
0.190934 -0.442321  -0.174339
0.190815 -0.446369  -0.176132
0.190583 -0.449531  -0.177755
-0.188621 -0.454363  -0.0601622
-0.19026 -0.451909  -0.0595461
-0.1919 -0.449455  -0.05893
-0.193692 -0.446714  -0.0582087
-0.196336 -0.442388  -0.0568456
-0.199948 -0.436275  -0.0546556
-0.203807 -0.429317  -0.0525537
-0.207891 -0.421501  -0.0511231
-0.212878 -0.411644  -0.0518765
-0.218438 -0.399207  -0.0541675
-0.22432 -0.383211  -0.0568971
-0.230107 -0.363166  -0.0603402
-0.2348 -0.340112  -0.0644709
-0.238014 -0.317098  -0.0680516
-0.23956 -0.293978  -0.0692877
-0.23713 -0.268447  -0.0717406
-0.229186 -0.234899  -0.0788078
-0.222488 -0.191233  -0.0844913
-0.218811 -0.143069  -0.0789768
-0.220271 -0.0949747  -0.0704749
-0.243751 -0.0576378  -0.0866168
-0.296131 0.22992  0.0594137
-0.15735 0.572115  0.12906
0.0188604 0.316836  -0.136067
0.0742201 -0.0494357  -0.232973
0.0896352 -0.226986  -0.284665
0.104091 -0.253572  -0.258039
0.134217 -0.227413  -0.215738
0.160131 -0.199729  -0.172804
0.1736 -0.211057  -0.158065
0.180761 -0.230746  -0.153372
0.185867 -0.249303  -0.150149
0.190088 -0.26603  -0.147809
0.192076 -0.280192  -0.147394
0.193037 -0.29427  -0.147744
0.192912 -0.309138  -0.149051
0.191412 -0.323672  -0.151934
0.189522 -0.337864  -0.15526
0.187711 -0.351315  -0.157918
0.185914 -0.363754  -0.159865
0.184515 -0.375691  -0.16117
0.183169 -0.385683  -0.162244
0.182014 -0.39441  -0.16317
0.181265 -0.402582  -0.16393
0.181099 -0.410964  -0.164628
0.181476 -0.418709  -0.165515
0.181853 -0.424505  -0.166905
0.182217 -0.429764  -0.168377
0.182487 -0.434081  -0.169655
0.182496 -0.436414  -0.170538
0.182396 -0.437975  -0.171268
-0.169823 -0.463487  -0.0393015
-0.172987 -0.458501  -0.0399814
-0.176151 -0.453516  -0.0406613
-0.179326 -0.448511  -0.0413319
-0.182902 -0.442814  -0.0415612
-0.187784 -0.43477  -0.0404079
-0.193269 -0.424659  -0.039432
-0.198974 -0.412654  -0.0392389
-0.205092 -0.397658  -0.0399003
-0.211012 -0.380981  -0.0420664
-0.21607 -0.363342  -0.0455563
-0.219963 -0.34427  -0.049523
-0.222677 -0.323582  -0.0532675
-0.224634 -0.30237  -0.0557773
-0.225343 -0.280688  -0.0578087
-0.221723 -0.257144  -0.0647363
-0.214437 -0.232629  -0.0782682
-0.207331 -0.210174  -0.0945185
-0.199319 -0.188614  -0.107253
-0.188534 -0.16497  -0.124682
-0.1736 -0.16392  -0.19045
-0.135543 -0.201046  -0.292994
-0.0436205 -0.248371  -0.301211
0.0150248 -0.19663  -0.228856
0.0478001 -0.0642194  -0.136511
0.0929937 0.0213695  -0.0973861
0.133761 0.0223336  -0.0877954
0.157131 -0.0228783  -0.0973174
0.167486 -0.0810954  -0.111626
0.171433 -0.132219  -0.124241
0.17579 -0.17127  -0.133207
0.179521 -0.202177  -0.139082
0.181135 -0.228624  -0.144011
0.181167 -0.250099  -0.148306
0.180931 -0.26898  -0.151722
0.181183 -0.285969  -0.154155
0.182178 -0.3002  -0.155971
0.183419 -0.312671  -0.157667
0.18432 -0.324613  -0.159444
0.184713 -0.336352  -0.16132
0.185031 -0.347839  -0.163104
0.185146 -0.358099  -0.164919
0.185194 -0.367701  -0.166728
0.185326 -0.377162  -0.168483
0.185569 -0.386705  -0.170269
0.185964 -0.395914  -0.17226
0.186361 -0.403989  -0.174522
0.186782 -0.411591  -0.176871
0.187158 -0.418347  -0.179133
0.187206 -0.423234  -0.180879
0.187036 -0.426988  -0.182285
-0.191661 -0.423019  -0.0512226
-0.193992 -0.419325  -0.051749
-0.196322 -0.415632  -0.0522754
-0.198654 -0.411936  -0.0528
-0.201103 -0.40804  -0.0531932
-0.203955 -0.403417  -0.0531623
-0.207094 -0.397786  -0.0533351
-0.210511 -0.390103  -0.054066
-0.214031 -0.378903  -0.0549843
-0.217368 -0.364828  -0.0568586
-0.220259 -0.348913  -0.0599313
-0.222382 -0.331405  -0.0642136
-0.223896 -0.312028  -0.0687967
-0.225554 -0.290388  -0.0724712
-0.228007 -0.264294  -0.0748868
-0.228565 -0.233162  -0.0797455
-0.226467 -0.199819  -0.0875857
-0.22289 -0.163753  -0.0961035
-0.217473 -0.122378  -0.103352
-0.209344 -0.0667742  -0.106394
-0.195094 0.0114567  -0.10433
-0.164047 0.0929374  -0.103523
-0.113667 0.128273  -0.103334
-0.0582035 0.0988367  -0.125304
-0.00714328 0.0143448  -0.167775
0.0288766 -0.0765643  -0.195437
0.0593329 -0.140883  -0.204143
0.0869167 -0.181032  -0.200355
0.10746 -0.205927  -0.190661
0.121496 -0.222266  -0.182862
0.13264 -0.239459  -0.179488
0.139121 -0.257335  -0.178724
0.142569 -0.275278  -0.179396
0.146437 -0.291751  -0.179767
0.150812 -0.306296  -0.179298
0.15454 -0.319743  -0.178607
0.158393 -0.331858  -0.177533
0.162359 -0.34255  -0.176237
0.165876 -0.352635  -0.175267
0.168434 -0.363002  -0.175097
0.170158 -0.373629  -0.175526
0.171105 -0.384391  -0.176442
0.171504 -0.395139  -0.177601
0.171662 -0.405946  -0.178978
0.171816 -0.417051  -0.18067
0.172249 -0.427872  -0.182717
0.172703 -0.436471  -0.184726
0.17321 -0.44406  -0.186787
0.173728 -0.450404  -0.188831
0.173885 -0.454563  -0.190297
0.173785 -0.457405  -0.191361
-0.190479 -0.431174  -0.060404
-0.191867 -0.428578  -0.0610398
-0.193254 -0.425983  -0.0616756
-0.194641 -0.423387  -0.0623115
-0.196055 -0.420715  -0.0629617
-0.197731 -0.417241  -0.0637865
-0.200039 -0.411362  -0.065417
-0.203065 -0.401608  -0.0684402
-0.205722 -0.390538  -0.0718447
-0.207986 -0.378227  -0.0758772
-0.20976 -0.36459  -0.080898
-0.210666 -0.349719  -0.0870113
-0.210951 -0.333794  -0.0937409
-0.211154 -0.316797  -0.100809
-0.211684 -0.29808  -0.108548
-0.211354 -0.278429  -0.118902
-0.207971 -0.259026  -0.132731
-0.199505 -0.237703  -0.150128
-0.185483 -0.218195  -0.169931
-0.166655 -0.203817  -0.19005
-0.141582 -0.196582  -0.209029
-0.111292 -0.19262  -0.224089
-0.0756763 -0.187101  -0.229286
-0.0382764 -0.179615  -0.217177
-0.00145513 -0.170607  -0.197694
0.0324563 -0.159001  -0.179119
0.0626801 -0.152229  -0.168885
0.0869877 -0.156201  -0.16481
0.103989 -0.170244  -0.160955
0.117394 -0.18747  -0.158405
0.127712 -0.205509  -0.159372
0.133025 -0.224034  -0.162532
0.137253 -0.242846  -0.16542
0.14325 -0.260436  -0.166872
0.150054 -0.275124  -0.166841
0.155677 -0.287964  -0.166534
0.160405 -0.300845  -0.166467
0.16452 -0.312466  -0.166144
0.167456 -0.322705  -0.166097
0.16945 -0.332523  -0.166553
0.171086 -0.341869  -0.167026
0.172467 -0.350835  -0.167411
0.173697 -0.359411  -0.167607
0.174799 -0.36798  -0.167931
0.175838 -0.376879  -0.168606
0.176844 -0.385422  -0.169792
0.177608 -0.39144  -0.171127
0.178178 -0.395828  -0.172437
0.178662 -0.39927  -0.173696
0.179098 -0.402369  -0.174886
0.179505 -0.405314  -0.176029
-0.178009 -0.451923  -0.0502561
-0.179959 -0.448213  -0.0512009
-0.181908 -0.444504  -0.0521458
-0.183858 -0.440795  -0.0530906
-0.185922 -0.436738  -0.0541101
-0.189149 -0.429153  -0.0558883
-0.193577 -0.41728  -0.0583861
-0.198208 -0.402726  -0.0607286
-0.202585 -0.38723  -0.0630317
-0.206511 -0.369708  -0.0662598
-0.208932 -0.350298  -0.0714219
-0.209642 -0.330116  -0.077628
-0.209146 -0.309467  -0.0846834
-0.208483 -0.288863  -0.0917256
-0.207574 -0.267965  -0.0993628
-0.205188 -0.245582  -0.109175
-0.200225 -0.220469  -0.120555
-0.190235 -0.193796  -0.133296
-0.17442 -0.167597  -0.145039
-0.154902 -0.141532  -0.152742
-0.132442 -0.119025  -0.158459
-0.107776 -0.101848  -0.165543
-0.0804425 -0.0960608  -0.173768
-0.0494705 -0.102251  -0.177144
-0.0184539 -0.116074  -0.181023
0.00909604 -0.136725  -0.187435
0.0342247 -0.157628  -0.19216
0.0561862 -0.178064  -0.193409
0.0726444 -0.200581  -0.191406
0.0859834 -0.223699  -0.188586
0.0968072 -0.242809  -0.18703
0.105732 -0.259188  -0.186578
0.113972 -0.276003  -0.186826
0.122119 -0.292461  -0.187162
0.130079 -0.307066  -0.187103
0.136825 -0.319876  -0.186894
0.142289 -0.332921  -0.187217
0.146685 -0.345786  -0.187904
0.149117 -0.357852  -0.189474
0.150195 -0.36919  -0.191643
0.151162 -0.379787  -0.193517
0.15266 -0.390133  -0.1947
0.154802 -0.399932  -0.19504
0.157156 -0.408979  -0.194984
0.159466 -0.417849  -0.195122
0.161437 -0.42722  -0.196165
0.162846 -0.435873  -0.197989
0.16376 -0.442113  -0.199851
0.164426 -0.446607  -0.201547
0.165069 -0.450933  -0.203228
0.165711 -0.455258  -0.204908
-0.190376 -0.414615  -0.0850009
-0.19111 -0.412956  -0.0856745
-0.191843 -0.411297  -0.0863486
-0.192603 -0.409555  -0.0870582
-0.193495 -0.407402  -0.0879091
-0.194981 -0.4033  -0.0892124
-0.19694 -0.397214  -0.090772
-0.198792 -0.390289  -0.0919033
-0.20053 -0.382432  -0.0929635
-0.202067 -0.372055  -0.0948845
-0.202225 -0.359666  -0.0990579
-0.200764 -0.346419  -0.105361
-0.198156 -0.333015  -0.113233
-0.195462 -0.320094  -0.12057
-0.192519 -0.306635  -0.127474
-0.188001 -0.290896  -0.136456
-0.182075 -0.273362  -0.147271
-0.171917 -0.257156  -0.160535
-0.155609 -0.242545  -0.175163
-0.13591 -0.229288  -0.186848
-0.114222 -0.217566  -0.195331
-0.0900168 -0.208068  -0.202293
-0.0645517 -0.20537  -0.206974
-0.0389589 -0.204358  -0.20647
-0.0135377 -0.203142  -0.204524
0.00915859 -0.20635  -0.203403
0.0283551 -0.210136  -0.201531
0.044866 -0.213371  -0.199074
0.0589471 -0.220009  -0.196396
0.0721985 -0.232155  -0.193034
0.0844535 -0.245375  -0.189409
0.0956815 -0.256768  -0.186377
0.106398 -0.267968  -0.184424
0.116833 -0.280189  -0.183407
0.126256 -0.292391  -0.182985
0.133542 -0.302309  -0.182704
0.139517 -0.311429  -0.182564
0.143938 -0.321081  -0.183026
0.146108 -0.331017  -0.184562
0.146678 -0.340672  -0.186727
0.147041 -0.350115  -0.188674
0.14779 -0.359813  -0.190198
0.149033 -0.369226  -0.191115
0.150487 -0.377464  -0.191494
0.151986 -0.38381  -0.191549
0.153401 -0.388993  -0.191642
0.154555 -0.393422  -0.19204
0.155297 -0.396375  -0.192544
0.155752 -0.398305  -0.193047
0.156174 -0.400124  -0.19355
0.156596 -0.401943  -0.194053
-0.17818 -0.452369  -0.0561293
-0.179629 -0.448715  -0.0579156
-0.181082 -0.44505  -0.059707
-0.182841 -0.440427  -0.0619165
-0.185485 -0.433001  -0.0653464
-0.188405 -0.423494  -0.0696047
-0.191017 -0.412599  -0.0743129
-0.193347 -0.400869  -0.0790505
-0.195193 -0.387872  -0.0837232
-0.196319 -0.374061  -0.0887516
-0.196182 -0.359559  -0.0947951
-0.194749 -0.344471  -0.102042
-0.191985 -0.328979  -0.110386
-0.188689 -0.313142  -0.11831
-0.185204 -0.296314  -0.125013
-0.180839 -0.277811  -0.132182
-0.175696 -0.258464  -0.140035
-0.167989 -0.23938  -0.149017
-0.155823 -0.221625  -0.158711
-0.140239 -0.207492  -0.167062
-0.121152 -0.197226  -0.174289
-0.0979962 -0.191089  -0.181235
-0.0730604 -0.190084  -0.186913
-0.0491531 -0.191075  -0.188751
-0.0266657 -0.195644  -0.18865
-0.00599355 -0.203767  -0.18968
0.0123917 -0.212642  -0.192098
0.0292338 -0.222711  -0.195379
0.0456517 -0.235126  -0.198176
0.0613174 -0.249665  -0.198648
0.0737442 -0.263433  -0.197055
0.0830973 -0.275098  -0.195432
0.0922004 -0.286485  -0.194311
0.102203 -0.299251  -0.19387
0.111502 -0.312431  -0.194397
0.118738 -0.323377  -0.195307
0.124497 -0.332816  -0.196144
0.129259 -0.342106  -0.196969
0.132526 -0.352051  -0.198252
0.134776 -0.362664  -0.199821
0.137478 -0.373787  -0.200912
0.14066 -0.385453  -0.20169
0.144051 -0.397226  -0.202293
0.147152 -0.408128  -0.202842
0.150149 -0.41806  -0.203268
0.153131 -0.427359  -0.203624
0.155942 -0.435813  -0.204085
0.157893 -0.441872  -0.204741
0.159077 -0.445976  -0.205535
0.160169 -0.449845  -0.206344
0.16126 -0.453714  -0.207154
-0.176445 -0.43815  -0.0826486
-0.177166 -0.436201  -0.083647
-0.17789 -0.434239  -0.0846508
-0.178937 -0.431271  -0.0860941
-0.180913 -0.42537  -0.0888167
-0.183193 -0.417502  -0.0923469
-0.185181 -0.40854  -0.0962584
-0.186942 -0.399072  -0.100257
-0.18825 -0.388906  -0.104326
-0.188982 -0.378375  -0.10866
-0.188603 -0.367407  -0.113969
-0.187236 -0.355849  -0.120262
-0.184064 -0.342872  -0.127912
-0.178642 -0.328794  -0.136556
-0.172279 -0.31446  -0.144898
-0.165249 -0.300699  -0.152713
-0.157137 -0.288192  -0.160532
-0.146925 -0.276464  -0.168773
-0.134375 -0.265143  -0.176598
-0.12004 -0.256531  -0.183173
-0.103457 -0.251167  -0.189195
-0.084757 -0.24672  -0.195024
-0.0657496 -0.242005  -0.199858
-0.0466075 -0.238249  -0.202188
-0.0270113 -0.238406  -0.201863
-0.00736684 -0.240827  -0.201354
0.0113942 -0.24426  -0.202269
0.028468 -0.249675  -0.204308
0.0438367 -0.25752  -0.206082
0.0570235 -0.266844  -0.206002
0.066544 -0.275057  -0.204191
0.0739616 -0.282556  -0.201993
0.0818617 -0.291259  -0.20018
0.0903399 -0.301084  -0.19911
0.0984133 -0.310803  -0.199082
0.105126 -0.319045  -0.199772
0.11045 -0.325719  -0.200514
0.115039 -0.331884  -0.201116
0.118573 -0.338051  -0.201563
0.121669 -0.344649  -0.201916
0.124858 -0.352022  -0.201982
0.128183 -0.359833  -0.201909
0.13131 -0.367246  -0.201822
0.133483 -0.372761  -0.20184
0.135142 -0.3774  -0.201978
0.136527 -0.381711  -0.202244
0.137803 -0.385808  -0.202561
0.138702 -0.389023  -0.202972
0.139277 -0.391325  -0.203414
0.139781 -0.393259  -0.203816
0.140276 -0.395126  -0.204207
-0.181527 -0.429128  -0.0756145
-0.183059 -0.424172  -0.0784133
-0.184592 -0.419213  -0.0812137
-0.186181 -0.414018  -0.0841552
-0.187933 -0.408122  -0.0875137
-0.189596 -0.401731  -0.0911832
-0.190691 -0.394866  -0.0952027
-0.191372 -0.387683  -0.0994307
-0.191339 -0.379953  -0.103952
-0.190777 -0.371634  -0.108706
-0.189047 -0.362276  -0.114574
-0.186038 -0.351519  -0.121731
-0.181229 -0.338432  -0.12976
-0.174291 -0.325209  -0.138033
-0.165972 -0.313126  -0.146067
-0.156944 -0.301935  -0.153813
-0.147377 -0.291168  -0.161193
-0.13631 -0.280137  -0.168373
-0.123846 -0.270253  -0.1749
-0.111191 -0.26413  -0.180329
-0.0979993 -0.260428  -0.185283
-0.083501 -0.257113  -0.190291
-0.0674521 -0.252566  -0.195362
-0.0502506 -0.248683  -0.199129
-0.032546 -0.24859  -0.200086
-0.0145962 -0.251265  -0.199837
0.0031042 -0.255489  -0.200845
0.0197449 -0.261406  -0.203285
0.0346337 -0.268604  -0.20559
0.0475943 -0.276479  -0.206538
0.0585328 -0.284371  -0.206067
0.0681102 -0.292637  -0.204528
0.0768294 -0.301876  -0.203078
0.0848142 -0.311951  -0.202515
0.0923809 -0.322408  -0.202906
0.099056 -0.332132  -0.204106
0.104909 -0.34073  -0.205411
0.110165 -0.348663  -0.206368
0.11489 -0.356217  -0.207
0.11992 -0.364037  -0.207087
0.125246 -0.372785  -0.20654
0.130203 -0.382093  -0.206003
0.134534 -0.391676  -0.205739
0.138385 -0.400729  -0.205602
0.141604 -0.409076  -0.205729
0.144145 -0.416684  -0.206174
0.14623 -0.42392  -0.206871
0.147529 -0.430453  -0.207986
0.148531 -0.435918  -0.209048
0.149338 -0.439893  -0.209866
0.150099 -0.443507  -0.210624
-0.171442 -0.45635  -0.0766358
-0.172695 -0.452278  -0.0789592
-0.17395 -0.448199  -0.0812882
-0.175335 -0.443393  -0.0841284
-0.177109 -0.436355  -0.0885133
-0.178894 -0.427852  -0.0938572
-0.179923 -0.418744  -0.0997011
-0.180453 -0.409418  -0.105825
-0.180704 -0.399908  -0.112069
-0.180594 -0.389793  -0.118381
-0.179505 -0.378124  -0.124994
-0.177125 -0.365039  -0.13205
-0.172749 -0.351716  -0.139088
-0.166796 -0.339665  -0.145745
-0.159534 -0.328523  -0.152344
-0.15049 -0.317549  -0.159499
-0.140283 -0.30708  -0.166841
-0.128398 -0.296547  -0.174156
-0.115093 -0.288877  -0.180786
-0.10177 -0.28579  -0.186428
-0.0885737 -0.284352  -0.191368
-0.0752161 -0.282946  -0.195876
-0.0611425 -0.280162  -0.200244
-0.0465623 -0.276794  -0.203955
-0.0315696 -0.275004  -0.205978
-0.0157805 -0.275428  -0.206106
-0.000452262 -0.277827  -0.206037
0.0137538 -0.281935  -0.207102
0.0264378 -0.286822  -0.208687
0.0386791 -0.291176  -0.210093
0.0499649 -0.295075  -0.210625
0.0596491 -0.299462  -0.209986
0.0672562 -0.304906  -0.208746
0.0739449 -0.311268  -0.207653
0.0803135 -0.319041  -0.207354
0.0860578 -0.327033  -0.208171
0.0910276 -0.334402  -0.209521
0.0954488 -0.34126  -0.210769
0.0997738 -0.347936  -0.211835
0.104828 -0.354755  -0.21223
0.110537 -0.361462  -0.211722
0.115864 -0.367866  -0.210721
0.120355 -0.374761  -0.209989
0.1241 -0.381796  -0.209626
0.126989 -0.388633  -0.209655
0.129417 -0.395179  -0.209884
0.131401 -0.401256  -0.210317
0.132535 -0.406415  -0.211146
0.133375 -0.410703  -0.211963
0.134055 -0.413922  -0.21261
0.134701 -0.416898  -0.213218
-0.176073 -0.432808  -0.0883249
-0.176873 -0.429932  -0.0905003
-0.177674 -0.427045  -0.0926854
-0.178546 -0.42375  -0.0951583
-0.179676 -0.418721  -0.098653
-0.181015 -0.41122  -0.1032
-0.181776 -0.403005  -0.108284
-0.181395 -0.394849  -0.114017
-0.1806 -0.386593  -0.120027
-0.179508 -0.378063  -0.126239
-0.177562 -0.368494  -0.132693
-0.173617 -0.357324  -0.139479
-0.168103 -0.34711  -0.145847
-0.161689 -0.338755  -0.151585
-0.154498 -0.33006  -0.157427
-0.146129 -0.321308  -0.163562
-0.136625 -0.313127  -0.169872
-0.124845 -0.305273  -0.176481
-0.111442 -0.30045  -0.182743
-0.0975162 -0.29905  -0.188384
-0.0842593 -0.297388  -0.193127
-0.0722525 -0.294498  -0.19696
-0.0604845 -0.291263  -0.200518
-0.0481947 -0.288954  -0.203959
-0.0349962 -0.288372  -0.20675
-0.0212043 -0.288678  -0.20778
-0.00838113 -0.290782  -0.207733
0.00358709 -0.295049  -0.208277
0.0150446 -0.300665  -0.209661
0.0264802 -0.305456  -0.211455
0.0375246 -0.308847  -0.213
0.0478656 -0.311966  -0.213791
0.0572326 -0.315921  -0.213643
0.0658627 -0.321532  -0.212729
0.073794 -0.329011  -0.211878
0.0808945 -0.337066  -0.211699
0.0865037 -0.344594  -0.212305
0.0907995 -0.351449  -0.213361
0.0950821 -0.358373  -0.214373
0.100251 -0.366202  -0.214811
0.106013 -0.37429  -0.214607
0.111798 -0.381764  -0.213803
0.11737 -0.389236  -0.212968
0.122265 -0.396807  -0.212459
0.125438 -0.403953  -0.212673
0.127469 -0.410711  -0.213346
0.129329 -0.416976  -0.213976
0.130979 -0.42236  -0.214491
0.132354 -0.426496  -0.214839
0.133417 -0.42917  -0.214985
0.134425 -0.431586  -0.215095
-0.170292 -0.449934  -0.0850119
-0.171533 -0.445391  -0.0885514
-0.1728 -0.440413  -0.0926105
-0.174101 -0.434973  -0.0971803
-0.17548 -0.428822  -0.10207
-0.176867 -0.421126  -0.107231
-0.177687 -0.412921  -0.112184
-0.1777 -0.404731  -0.117446
-0.176689 -0.395934  -0.123502
-0.174278 -0.386169  -0.130634
-0.170927 -0.375891  -0.138122
-0.165686 -0.365514  -0.145453
-0.158954 -0.356598  -0.152004
-0.151633 -0.348698  -0.158174
-0.143567 -0.340969  -0.164343
-0.134948 -0.334457  -0.170302
-0.125543 -0.328344  -0.176226
-0.114781 -0.3234  -0.181964
-0.103348 -0.320951  -0.18719
-0.091491 -0.319894  -0.191927
-0.0792912 -0.317549  -0.196187
-0.0669035 -0.313637  -0.199979
-0.0549679 -0.31027  -0.203479
-0.0437171 -0.308131  -0.206588
-0.0327367 -0.306904  -0.20901
-0.0213828 -0.30567  -0.210336
-0.00997805 -0.305234  -0.210522
0.000778229 -0.307207  -0.210662
0.0107289 -0.311562  -0.21155
0.0203024 -0.316366  -0.212991
0.0299131 -0.319874  -0.214559
0.0397314 -0.322149  -0.216007
0.0493154 -0.324637  -0.216907
0.0586733 -0.327801  -0.21702
0.0672776 -0.332147  -0.21649
0.0744415 -0.338413  -0.216344
0.0800988 -0.345167  -0.216967
0.0846029 -0.351565  -0.218081
0.0890607 -0.358086  -0.21913
0.0941511 -0.365398  -0.21971
0.099378 -0.372967  -0.219726
0.10425 -0.380252  -0.219303
0.108954 -0.387603  -0.218882
0.113144 -0.394843  -0.218647
0.116004 -0.401257  -0.218834
0.118163 -0.407322  -0.21927
0.120267 -0.413237  -0.219692
0.122318 -0.418843  -0.220057
0.124215 -0.423726  -0.22032
0.125921 -0.427722  -0.220461
0.127593 -0.431563  -0.220581
-0.169352 -0.44499  -0.0931839
-0.169672 -0.443242  -0.0949425
-0.170073 -0.44015  -0.0983047
-0.170602 -0.43552  -0.10326
-0.171422 -0.429123  -0.109001
-0.172345 -0.421457  -0.114921
-0.172946 -0.413683  -0.120356
-0.173072 -0.405968  -0.125595
-0.172517 -0.397941  -0.131174
-0.170456 -0.389072  -0.13763
-0.165726 -0.379396  -0.144848
-0.159455 -0.370091  -0.151877
-0.152582 -0.36205  -0.158279
-0.145185 -0.354458  -0.164525
-0.136976 -0.347479  -0.170617
-0.128363 -0.341765  -0.176252
-0.119023 -0.336287  -0.181788
-0.109248 -0.332308  -0.186799
-0.099618 -0.330022  -0.191147
-0.0901981 -0.328435  -0.194949
-0.0803715 -0.326123  -0.198483
-0.0698777 -0.322855  -0.201763
-0.0596241 -0.320308  -0.204757
-0.0500926 -0.318852  -0.207459
-0.0407803 -0.317851  -0.209871
-0.030754 -0.31661  -0.211797
-0.0204138 -0.315653  -0.212781
-0.0103309 -0.31626  -0.213159
-0.000588007 -0.319153  -0.213574
0.00869373 -0.323294  -0.214496
0.0175092 -0.326948  -0.215678
0.0262288 -0.329926  -0.21696
0.0347145 -0.332707  -0.218319
0.0433892 -0.335149  -0.219497
0.0517804 -0.33791  -0.220013
0.059509 -0.34178  -0.22036
0.0664534 -0.34691  -0.220829
0.0727565 -0.35243  -0.221464
0.078805 -0.358223  -0.2218
0.0847291 -0.364261  -0.22183
0.0903334 -0.370151  -0.22148
0.0954758 -0.375819  -0.220682
0.100438 -0.381721  -0.219887
0.104381 -0.386816  -0.219325
0.106 -0.389499  -0.219232
0.106994 -0.391538  -0.219268
0.107967 -0.393558  -0.219304
0.108867 -0.395512  -0.21934
0.109709 -0.397375  -0.219375
0.110461 -0.399024  -0.219426
0.111112 -0.40045  -0.219503
-0.167749 -0.453476  -0.0873997
-0.168105 -0.450227  -0.0913211
-0.168487 -0.446525  -0.095783
-0.16893 -0.442119  -0.100849
-0.169532 -0.43583  -0.10667
-0.170215 -0.427818  -0.113115
-0.170652 -0.419631  -0.119513
-0.170007 -0.411666  -0.125549
-0.168633 -0.403611  -0.131574
-0.166267 -0.394863  -0.138162
-0.161692 -0.386133  -0.144793
-0.155459 -0.378738  -0.150843
-0.148774 -0.372432  -0.156705
-0.141634 -0.366342  -0.162719
-0.133739 -0.360666  -0.168893
-0.125448 -0.355711  -0.174841
-0.11665 -0.351123  -0.180661
-0.107377 -0.347366  -0.186149
-0.0978958 -0.344511  -0.191068
-0.0888168 -0.342366  -0.195103
-0.079853 -0.339939  -0.19861
-0.0707389 -0.336908  -0.201731
-0.0615408 -0.334278  -0.204542
-0.05224 -0.332733  -0.207291
-0.0427616 -0.332231  -0.210096
-0.032753 -0.33177  -0.212626
-0.0224448 -0.331544  -0.214515
-0.011575 -0.332565  -0.215682
-0.000582381 -0.335485  -0.216327
0.00949161 -0.338998  -0.216864
0.0182104 -0.341887  -0.217573
0.0263877 -0.344525  -0.218445
0.0341085 -0.347096  -0.219563
0.0415755 -0.349647  -0.22082
0.0491326 -0.352139  -0.22208
0.0567724 -0.355042  -0.223233
0.0642289 -0.359661  -0.223967
0.07135 -0.365281  -0.22439
0.0780475 -0.371441  -0.224411
0.0846789 -0.377805  -0.22422
0.0910889 -0.384678  -0.223765
0.0971346 -0.39211  -0.223096
0.102943 -0.400104  -0.222514
0.107783 -0.407565  -0.222117
0.110977 -0.413412  -0.221985
0.113817 -0.418901  -0.221913
0.116599 -0.424342  -0.221839
0.11914 -0.429584  -0.221766
0.121485 -0.434559  -0.221713
0.123387 -0.438585  -0.221776
0.124746 -0.44144  -0.221981
-0.165267 -0.430343  -0.124627
-0.165303 -0.428592  -0.126714
-0.16534 -0.426834  -0.128809
-0.165374 -0.42499  -0.130945
-0.165353 -0.422363  -0.133414
-0.16527 -0.418191  -0.136363
-0.16512 -0.412848  -0.139486
-0.164617 -0.40739  -0.142528
-0.16338 -0.401359  -0.145988
-0.160374 -0.393725  -0.15074
-0.156341 -0.385965  -0.155703
-0.151585 -0.379587  -0.160374
-0.146307 -0.374683  -0.164907
-0.140474 -0.370102  -0.169635
-0.1338 -0.365822  -0.174672
-0.126637 -0.362094  -0.179657
-0.118943 -0.358863  -0.184592
-0.110496 -0.356186  -0.189494
-0.101297 -0.353804  -0.194198
-0.0918178 -0.351281  -0.198264
-0.0824756 -0.348561  -0.201678
-0.0732868 -0.346253  -0.204692
-0.0640685 -0.344548  -0.2075
-0.0540997 -0.343796  -0.210476
-0.0435354 -0.343723  -0.213652
-0.0328884 -0.343925  -0.216561
-0.0227597 -0.344703  -0.21883
-0.0130412 -0.345866  -0.220136
-0.00380993 -0.347255  -0.22068
0.00481524 -0.348433  -0.220769
0.0128364 -0.349332  -0.220712
0.0205762 -0.350249  -0.220774
0.0277941 -0.351399  -0.221226
0.0340776 -0.352886  -0.222099
0.0401701 -0.354458  -0.223081
0.0462447 -0.356204  -0.22405
0.052321 -0.358569  -0.225019
0.0580844 -0.362009  -0.225828
0.0632904 -0.366256  -0.226251
0.0689801 -0.370542  -0.22659
0.0751956 -0.37535  -0.226635
0.0810745 -0.380831  -0.226459
0.0863991 -0.386775  -0.226346
0.0904458 -0.392088  -0.22637
0.0930225 -0.396085  -0.226551
0.0953192 -0.399808  -0.226731
0.0971839 -0.403031  -0.226761
0.0986987 -0.405872  -0.226695
0.100114 -0.408566  -0.226636
0.101278 -0.410719  -0.226643
0.102132 -0.412206  -0.226731
-0.171501 -0.446774  -0.104296
-0.170458 -0.442779  -0.108864
-0.169416 -0.438783  -0.113433
-0.168373 -0.434781  -0.118004
-0.167324 -0.430683  -0.122609
-0.166279 -0.425739  -0.127358
-0.165249 -0.419537  -0.132292
-0.164209 -0.413117  -0.137264
-0.162899 -0.406517  -0.142392
-0.160115 -0.399813  -0.147836
-0.155886 -0.394031  -0.153053
-0.151027 -0.38947  -0.157875
-0.14596 -0.3854  -0.16259
-0.140538 -0.381843  -0.167193
-0.134797 -0.378631  -0.171774
-0.128401 -0.375922  -0.176612
-0.121139 -0.373795  -0.181778
-0.112865 -0.371815  -0.187089
-0.10352 -0.369794  -0.192463
-0.0934767 -0.367309  -0.197571
-0.0830423 -0.364611  -0.202251
-0.0728907 -0.362726  -0.206245
-0.0635707 -0.36163  -0.209573
-0.0547594 -0.360979  -0.212423
-0.0458595 -0.360519  -0.215119
-0.0369795 -0.36022  -0.217486
-0.0287381 -0.360635  -0.219356
-0.0211051 -0.361485  -0.220759
-0.0136091 -0.362488  -0.221756
-0.00539712 -0.363304  -0.222083
0.00302608 -0.36396  -0.221864
0.0112548 -0.364652  -0.221571
0.0190832 -0.365533  -0.221455
0.0262113 -0.36674  -0.221496
0.0328856 -0.368292  -0.221559
0.0391275 -0.37054  -0.221556
0.0452533 -0.373379  -0.22162
0.0514239 -0.376818  -0.221796
0.0575837 -0.380619  -0.221925
0.0644556 -0.384953  -0.222081
0.0721032 -0.389463  -0.22227
0.0797492 -0.393652  -0.222707
0.0860885 -0.398702  -0.223401
0.0914178 -0.404233  -0.22418
0.0963516 -0.409507  -0.224987
0.100993 -0.41453  -0.225725
0.104487 -0.418215  -0.226047
0.10725 -0.421041  -0.226104
0.109976 -0.423821  -0.226148
0.112692 -0.42658  -0.226194
0.115396 -0.429313  -0.226244
-0.152951 -0.433873  -0.119958
-0.151987 -0.430262  -0.124101
-0.151023 -0.42665  -0.128244
-0.150059 -0.423038  -0.132387
-0.149095 -0.419423  -0.136531
-0.148129 -0.41572  -0.140689
-0.146996 -0.411679  -0.145036
-0.145425 -0.40709  -0.149823
-0.143677 -0.402391  -0.154722
-0.141459 -0.397953  -0.159546
-0.138469 -0.394379  -0.164077
-0.134882 -0.391934  -0.168232
-0.131118 -0.389823  -0.172318
-0.127042 -0.388271  -0.176341
-0.122679 -0.387027  -0.180364
-0.11734 -0.386082  -0.184762
-0.1111 -0.385345  -0.189464
-0.104139 -0.383621  -0.193993
-0.0965761 -0.381157  -0.198244
-0.0887983 -0.378696  -0.202168
-0.0804982 -0.376104  -0.20589
-0.0722363 -0.373854  -0.209014
-0.06465 -0.372248  -0.211524
-0.0575456 -0.370948  -0.213653
-0.0505643 -0.37022  -0.215697
-0.043433 -0.369818  -0.217694
-0.0356852 -0.3695  -0.219627
-0.027893 -0.369863  -0.221314
-0.0203751 -0.371065  -0.22272
-0.0125619 -0.372143  -0.223744
-0.00446867 -0.372254  -0.224127
0.00333036 -0.371969  -0.224121
0.0104543 -0.371829  -0.223926
0.0167673 -0.372122  -0.223705
0.0224409 -0.372855  -0.223475
0.0278086 -0.37408  -0.223205
0.0330584 -0.375591  -0.222931
0.0384071 -0.377407  -0.222698
0.0440396 -0.379883  -0.222528
0.0502447 -0.383259  -0.222434
0.0566822 -0.38689  -0.222544
0.0631072 -0.390069  -0.222952
0.0691277 -0.393358  -0.223513
0.0747948 -0.396581  -0.224092
0.07939 -0.399671  -0.224545
0.0825943 -0.402784  -0.224815
0.0852913 -0.405508  -0.22494
0.0877696 -0.407974  -0.224986
0.0902374 -0.410429  -0.225028
0.0927052 -0.412884  -0.22507
0.0951731 -0.415338  -0.225112
-0.163994 -0.432015  -0.130048
-0.163131 -0.430092  -0.132694
-0.162269 -0.42817  -0.135339
-0.161407 -0.426248  -0.137985
-0.160545 -0.424326  -0.14063
-0.159672 -0.422392  -0.143285
-0.158283 -0.419834  -0.146459
-0.155527 -0.415696  -0.15096
-0.152061 -0.411587  -0.155671
-0.148201 -0.408024  -0.160198
-0.144095 -0.404711  -0.164748
-0.139349 -0.402058  -0.169437
-0.134203 -0.399981  -0.174187
-0.128523 -0.399038  -0.179044
-0.122602 -0.398552  -0.183861
-0.116318 -0.398145  -0.188469
-0.109701 -0.397683  -0.193058
-0.102518 -0.396107  -0.197565
-0.0950687 -0.393525  -0.201602
-0.0881056 -0.391178  -0.204984
-0.0810879 -0.388732  -0.208133
-0.0738884 -0.3861  -0.211007
-0.0666601 -0.383868  -0.213561
-0.0594559 -0.382233  -0.215908
-0.0522778 -0.381749  -0.218248
-0.0449999 -0.382052  -0.220546
-0.0372637 -0.382087  -0.222688
-0.0292709 -0.381596  -0.224403
-0.022037 -0.382002  -0.225668
-0.0152564 -0.382863  -0.226682
-0.00842032 -0.383249  -0.227407
-0.00167196 -0.383141  -0.227717
0.00483395 -0.382877  -0.227758
0.0111822 -0.382793  -0.227652
0.0174341 -0.382926  -0.227417
0.0235767 -0.383661  -0.227213
0.0296073 -0.385088  -0.227063
0.0357653 -0.386979  -0.226955
0.0422809 -0.389767  -0.226855
0.0489726 -0.392925  -0.226718
0.0554256 -0.395849  -0.226896
0.0616675 -0.398532  -0.227334
0.067869 -0.401059  -0.227827
0.0739124 -0.402598  -0.22832
0.0782935 -0.403528  -0.228618
0.0806006 -0.40457  -0.228664
0.0826404 -0.405627  -0.228676
0.0845867 -0.40668  -0.228668
0.0864312 -0.40773  -0.228639
0.0882603 -0.40878  -0.228607
0.0900894 -0.40983  -0.228575
-0.164594 -0.441904  -0.112151
-0.163072 -0.438736  -0.116639
-0.161549 -0.435567  -0.121127
-0.160027 -0.432399  -0.125616
-0.158504 -0.42923  -0.130104
-0.156979 -0.426058  -0.134596
-0.155279 -0.422676  -0.139261
-0.153073 -0.418813  -0.144369
-0.150166 -0.415554  -0.149385
-0.146589 -0.413123  -0.154187
-0.142361 -0.410786  -0.15942
-0.137284 -0.408894  -0.165082
-0.131965 -0.407311  -0.17055
-0.126488 -0.406212  -0.175682
-0.121018 -0.405356  -0.180523
-0.115745 -0.404563  -0.184596
-0.110314 -0.403705  -0.188498
-0.104504 -0.402051  -0.192268
-0.0983891 -0.39949  -0.195709
-0.0922449 -0.397236  -0.198996
-0.0859152 -0.395269  -0.202319
-0.079147 -0.393149  -0.205572
-0.0716451 -0.39096  -0.208682
-0.0638943 -0.389524  -0.211629
-0.0560281 -0.38892  -0.214448
-0.0479623 -0.389114  -0.216965
-0.0397326 -0.389273  -0.219202
-0.0314223 -0.388807  -0.221129
-0.0238105 -0.388769  -0.222668
-0.0171569 -0.389508  -0.223942
-0.0107223 -0.390315  -0.225099
-0.00424628 -0.390573  -0.225798
0.00226274 -0.390452  -0.226156
0.00883514 -0.390448  -0.226308
0.0154821 -0.390631  -0.226266
0.0222265 -0.391387  -0.226238
0.0289495 -0.392957  -0.226275
0.0354378 -0.395031  -0.226368
0.0420561 -0.397559  -0.226288
0.048777 -0.400312  -0.225894
0.0552467 -0.402789  -0.22548
0.0614651 -0.405168  -0.225385
0.0674033 -0.407492  -0.22575
0.0732615 -0.409457  -0.226193
0.0788496 -0.411176  -0.226606
0.0841065 -0.412903  -0.226979
0.089234 -0.414621  -0.227324
0.0934878 -0.416306  -0.227484
0.0967961 -0.417968  -0.227445
0.099961 -0.419626  -0.227377
0.103126 -0.421284  -0.227309
-0.135833 -0.429373  -0.163436
-0.135066 -0.428488  -0.165114
-0.134299 -0.427602  -0.166792
-0.133532 -0.426717  -0.168471
-0.132765 -0.425832  -0.170149
-0.13198 -0.424954  -0.171843
-0.131103 -0.424111  -0.17362
-0.129985 -0.423302  -0.175579
-0.128176 -0.422652  -0.177958
-0.125971 -0.422129  -0.180538
-0.123159 -0.421478  -0.183659
-0.119886 -0.42079  -0.187152
-0.116606 -0.42009  -0.190506
-0.113326 -0.419352  -0.193617
-0.109827 -0.418673  -0.196611
-0.105816 -0.417939  -0.19965
-0.100854 -0.416904  -0.203054
-0.0954829 -0.415208  -0.206391
-0.089758 -0.412824  -0.209561
-0.0838115 -0.410896  -0.212699
-0.0778289 -0.409567  -0.215724
-0.0716189 -0.408169  -0.218584
-0.0649866 -0.40662  -0.221103
-0.0581818 -0.405746  -0.22338
-0.0512859 -0.405735  -0.225368
-0.0443432 -0.405791  -0.227024
-0.0374078 -0.405383  -0.228406
-0.0304618 -0.404498  -0.22962
-0.0237767 -0.403553  -0.230674
-0.0178437 -0.403189  -0.23157
-0.0121486 -0.402995  -0.232379
-0.00643397 -0.402719  -0.232971
-0.000700602 -0.402388  -0.233429
0.00512128 -0.402187  -0.233722
0.011107 -0.402144  -0.233825
0.0177719 -0.402105  -0.233867
0.0248005 -0.402605  -0.233954
0.0309702 -0.404392  -0.234234
0.0369269 -0.406642  -0.234489
0.0425231 -0.408605  -0.234511
0.0474239 -0.409742  -0.234306
0.052025 -0.410707  -0.234379
0.056337 -0.411609  -0.234975
0.060601 -0.412488  -0.235662
0.0648522 -0.413367  -0.236352
0.0690561 -0.414238  -0.237032
0.0727722 -0.414932  -0.23755
0.075278 -0.415417  -0.237751
0.0769095 -0.415863  -0.237763
0.078415 -0.416305  -0.237749
0.0799204 -0.416748  -0.237734
-0.171284 -0.433698  -0.114145
-0.169308 -0.432666  -0.117444
-0.167332 -0.431633  -0.120743
-0.165356 -0.430601  -0.124041
-0.16338 -0.429568  -0.12734
-0.16132 -0.428572  -0.130715
-0.158796 -0.427761  -0.134544
-0.155704 -0.427092  -0.138999
-0.151929 -0.42647  -0.144137
-0.147859 -0.425816  -0.149721
-0.143713 -0.425118  -0.155369
-0.139492 -0.42452  -0.160833
-0.135172 -0.424073  -0.166215
-0.130624 -0.423767  -0.171452
-0.125431 -0.423715  -0.176476
-0.119785 -0.42363  -0.181544
-0.113608 -0.422782  -0.186643
-0.107146 -0.421154  -0.191613
-0.100148 -0.419082  -0.196563
-0.0930776 -0.417027  -0.200983
-0.086522 -0.415291  -0.204583
-0.079873 -0.413531  -0.207808
-0.0734539 -0.411898  -0.210383
-0.0671923 -0.410646  -0.212644
-0.0611478 -0.410195  -0.214583
-0.0552028 -0.409872  -0.216374
-0.049238 -0.409105  -0.218024
-0.0432236 -0.407879  -0.219534
-0.0371824 -0.406888  -0.221031
-0.0311507 -0.406508  -0.222481
-0.0251753 -0.406276  -0.223752
-0.0193295 -0.406036  -0.224708
-0.0135613 -0.405797  -0.225508
-0.00795307 -0.40566  -0.226104
-0.00240901 -0.405668  -0.226463
0.00347367 -0.405676  -0.226784
0.0102212 -0.405935  -0.227179
0.0172248 -0.406791  -0.227685
0.0240581 -0.408373  -0.228117
0.030572 -0.410374  -0.22832
0.0367505 -0.412048  -0.228365
0.0429757 -0.413387  -0.228445
0.0494673 -0.414002  -0.228628
0.0559791 -0.414434  -0.228846
0.0618486 -0.415137  -0.229194
0.0670375 -0.416087  -0.229653
0.0715834 -0.416824  -0.22992
0.0754406 -0.417303  -0.229955
0.0791708 -0.417754  -0.229955
0.0828914 -0.418204  -0.229953
0.0866121 -0.418655  -0.229951
-0.139159 -0.446831  -0.154434
-0.13825 -0.446357  -0.15595
-0.137341 -0.445883  -0.157467
-0.136432 -0.445409  -0.158983
-0.135524 -0.444935  -0.1605
-0.134571 -0.444478  -0.162057
-0.133143 -0.444169  -0.164251
-0.130592 -0.444123  -0.168238
-0.127376 -0.444069  -0.173341
-0.123354 -0.44365  -0.17955
-0.119201 -0.442954  -0.185759
-0.115517 -0.441988  -0.190982
-0.111903 -0.441043  -0.195864
-0.108027 -0.440442  -0.20033
-0.103729 -0.440293  -0.20426
-0.0993301 -0.440169  -0.208111
-0.0948519 -0.439634  -0.211867
-0.090261 -0.438671  -0.215531
-0.0852552 -0.437454  -0.21917
-0.0794746 -0.436048  -0.222474
-0.0731132 -0.434543  -0.22539
-0.0659826 -0.432939  -0.228057
-0.0590439 -0.431914  -0.230154
-0.0523601 -0.431228  -0.232009
-0.0459935 -0.430726  -0.233821
-0.0397505 -0.430274  -0.235618
-0.0334891 -0.429639  -0.237361
-0.027186 -0.428777  -0.239031
-0.020749 -0.428136  -0.240659
-0.0142217 -0.428002  -0.241869
-0.00783561 -0.428101  -0.242366
-0.00180583 -0.4281  -0.24273
0.00403372 -0.428033  -0.243084
0.00952118 -0.427905  -0.243401
0.0147196 -0.427734  -0.243675
0.0200003 -0.427569  -0.243954
0.026167 -0.427495  -0.244295
0.03238 -0.42754  -0.24451
0.0377168 -0.427926  -0.244433
0.0425863 -0.428348  -0.243976
0.04722 -0.428531  -0.243308
0.0519613 -0.42841  -0.242648
0.0570161 -0.427532  -0.242038
0.0620207 -0.426498  -0.24147
0.0655222 -0.426096  -0.241205
0.0675361 -0.426317  -0.241238
0.0693402 -0.426562  -0.241269
0.0710598 -0.426772  -0.241271
0.0727708 -0.426979  -0.24127
0.0744818 -0.427186  -0.241269
0.0761928 -0.427393  -0.241269
-0.151285 -0.448533  -0.13587
-0.151251 -0.448516  -0.135926
-0.151218 -0.448498  -0.135982
-0.151184 -0.448481  -0.136037
-0.151151 -0.448464  -0.136093
-0.151113 -0.448447  -0.136155
-0.150763 -0.448501  -0.136734
-0.149274 -0.448803  -0.139219
-0.146841 -0.448989  -0.142891
-0.142542 -0.448358  -0.147972
-0.137644 -0.447271  -0.153299
-0.133215 -0.445834  -0.157822
-0.128925 -0.44431  -0.162067
-0.12449 -0.443005  -0.166036
-0.119869 -0.441978  -0.169658
-0.115225 -0.440983  -0.173236
-0.110576 -0.439965  -0.176809
-0.105921 -0.438922  -0.180376
-0.101183 -0.437854  -0.183927
-0.0960525 -0.43672  -0.187384
-0.0904967 -0.43549  -0.190769
-0.0845176 -0.434199  -0.194068
-0.0786048 -0.433186  -0.197134
-0.0727825 -0.432309  -0.200104
-0.067017 -0.431445  -0.203074
-0.0612733 -0.430584  -0.206045
-0.0555287 -0.429713  -0.209014
-0.0497273 -0.428857  -0.211963
-0.0434619 -0.428257  -0.214762
-0.0368667 -0.428015  -0.216947
-0.0303614 -0.428019  -0.218261
-0.0239936 -0.428013  -0.219451
-0.0176866 -0.427983  -0.220653
-0.011445 -0.427938  -0.221853
-0.00525802 -0.42788  -0.223053
0.000943014 -0.427823  -0.224253
0.00713935 -0.427783  -0.225424
0.0113292 -0.427767  -0.22608
0.0131927 -0.427751  -0.226145
0.0146357 -0.427533  -0.225983
0.0159543 -0.427165  -0.22571
0.0172835 -0.42675  -0.225434
0.0186562 -0.426229  -0.225165
0.0199847 -0.425703  -0.22491
0.0207027 -0.425434  -0.224778
0.0208193 -0.425419  -0.224767
0.0208824 -0.425427  -0.224767
0.0209454 -0.425434  -0.224767
0.0210085 -0.425442  -0.224767
0.0210715 -0.425449  -0.224767
0.0211345 -0.425457  -0.224767
-0.068168 -0.444767  -0.2226
-0.068168 -0.444767  -0.2226
-0.068168 -0.444767  -0.2226
-0.068168 -0.444767  -0.2226
-0.068168 -0.444767  -0.2226
-0.0681676 -0.444767  -0.222601
-0.068123 -0.444777  -0.222676
-0.0679119 -0.444822  -0.223028
-0.0674294 -0.444793  -0.223618
-0.0661648 -0.444427  -0.224683
-0.0645921 -0.443909  -0.225917
-0.0630557 -0.443358  -0.227084
-0.0615324 -0.442797  -0.228228
-0.0600005 -0.44225  -0.229354
-0.0584574 -0.441719  -0.23046
-0.0569129 -0.44119  -0.231562
-0.0553684 -0.440662  -0.232665
-0.053824 -0.440133  -0.233768
-0.0522773 -0.439605  -0.234871
-0.0507183 -0.439074  -0.23597
-0.0491451 -0.43854  -0.237067
-0.0475571 -0.438004  -0.238162
-0.0459704 -0.437476  -0.239251
-0.0443859 -0.436952  -0.240336
-0.0428014 -0.436428  -0.241422
-0.041217 -0.435904  -0.242508
-0.0396325 -0.43538  -0.243593
-0.0379955 -0.434883  -0.244665
-0.0359174 -0.434615  -0.24561
-0.0334886 -0.434553  -0.246374
-0.0310496 -0.434543  -0.246989
-0.0286144 -0.43454  -0.24758
-0.02618 -0.434536  -0.248171
-0.0237455 -0.434532  -0.248762
-0.0213111 -0.434529  -0.249353
-0.0188767 -0.434525  -0.249944
-0.016531 -0.434522  -0.250514
-0.0152481 -0.434523  -0.250824
-0.015098 -0.434527  -0.250857
-0.0150672 -0.434522  -0.250856
-0.0150412 -0.434511  -0.250851
-0.0150155 -0.4345  -0.250846
-0.0149897 -0.434489  -0.250841
-0.0149651 -0.434479  -0.250836
-0.0149523 -0.434473  -0.250833
-0.0149513 -0.434473  -0.250833
-0.0149513 -0.434473  -0.250833
-0.0149513 -0.434473  -0.250833
-0.0149513 -0.434473  -0.250833
-0.0149513 -0.434473  -0.250833
-0.0149513 -0.434473  -0.250833
-0.153388 -0.440372  -0.136399
-0.151185 -0.442548  -0.138103
-0.148982 -0.444724  -0.139808
-0.146767 -0.446904  -0.141531
-0.144218 -0.4492  -0.143766
-0.140942 -0.451745  -0.147116
-0.13752 -0.454113  -0.150864
-0.134197 -0.45533  -0.155308
-0.130937 -0.455879  -0.160123
-0.127815 -0.45552  -0.165088
-0.124847 -0.454163  -0.170205
-0.121848 -0.452445  -0.175316
-0.118738 -0.450106  -0.180374
-0.115525 -0.447614  -0.185373
-0.111905 -0.445176  -0.190122
-0.108027 -0.442821  -0.194703
-0.103801 -0.441227  -0.198953
-0.0991535 -0.44058  -0.202797
-0.0943487 -0.440065  -0.206452
-0.0892569 -0.439598  -0.209727
-0.0840374 -0.439111  -0.212862
-0.0785417 -0.438404  -0.215818
-0.0728589 -0.437556  -0.218654
-0.0670067 -0.436738  -0.221388
-0.0609321 -0.435973  -0.223986
-0.054877 -0.435355  -0.226427
-0.0489741 -0.435162  -0.228448
-0.0431078 -0.435077  -0.230269
-0.0371397 -0.434755  -0.231648
-0.0310958 -0.434256  -0.232701
-0.0250527 -0.433637  -0.233558
-0.0190185 -0.432849  -0.234139
-0.0130449 -0.432076  -0.234673
-0.00727269 -0.43145  -0.235194
-0.00165819 -0.430967  -0.235728
0.0032664 -0.431235  -0.236401
0.00763416 -0.432101  -0.237182
0.0118941 -0.43289  -0.237865
0.0160377 -0.433474  -0.238367
0.0203182 -0.433912  -0.23877
0.0252013 -0.433934  -0.238914
0.0303619 -0.433752  -0.238935
0.0357881 -0.433279  -0.238801
0.0414456 -0.432544  -0.238529
0.0470659 -0.431671  -0.238256
0.0525777 -0.430571  -0.238004
0.0577641 -0.429463  -0.237765
0.061638 -0.428521  -0.23757
0.0649079 -0.427657  -0.237395
0.0681556 -0.426796  -0.23722
0.0714033 -0.425934  -0.237046
